2 946 1 1:701811 701811 14 T C 0.224 -0.1813257 0.0587653 18.45411 1e+05 0.002258999 0.002070705 0.002523458 scaffold_1
3 608 1 1:1024625 1024625 6 G T 0.15 -0.2329004 0.07403382 50.2014 1e+05 0.00185567 0.001277778 0.00161344 scaffold_1
4 836 1 1:1645355 1645355 10 A G 0.043 0.3507064 0.10618 11.55081 1e+05 0.001096068 0.001779493 0.00219217 scaffold_1
5 793 1 1:2099075 2099075 25 G A 0.02 -0.59092 0.1889754 19.4908 1e+05 0.001974332 0.001711087 0.002113911 scaffold_1
6 356 1 1:3021325 3021325 7 T C 0.051 -0.3129565 0.09530894 45.46496 1e+05 0.001170748 0.0007576293 0.0009975165 scaffold_1
7 902 1 1:3172917 3172917 20 C A 0.079 -0.3176297 0.09994961 14.42381 1e+05 0.001669467 0.001951875 0.002388622 scaffold_1
10 174 1 1:4238659 4238659 13 T C 0.356 0.16365 0.04662004 22.71478 1e+05 0.0005304669 0.0003770677 0.000527846 scaffold_1
18 937 1 1:7186522 7186522 13 C A 0.229 0.2125004 0.06798591 16.36913 1e+05 0.001982838 0.00205612 0.002506933 scaffold_1
19 977 1 1:7193726 7193726 18 A G 0.404 0.1825915 0.04929 6.590117 1e+05 0.0002605876 0.002133599 0.002594646 scaffold_1
25 93 1 1:10231022 10231022 20 C T 0.122 0.3160893 0.08445218 18.32249 1e+05 0.000225616 0.0001942408 0.0002898939 scaffold_1
38 785 1 1:16625966 16625966 13 A G 0.371 0.1494242 0.0485835 24.57815 1e+05 0.002333059 0.00169453 0.002094941 scaffold_1
40 883 1 1:18390626 18390626 13 T C 0.017 -0.4228249 0.1408077 43.93549 1e+05 0.002944803 0.001887702 0.00231561 scaffold_1
43 75 1 1:21524796 21524796 16 G A 0.203 0.240914 0.06125509 11.70989 1e+05 0.0001086241 0.0001536359 0.0002348569 scaffold_1
45 820 1 1:23015811 23015811 7 T C 0.142 0.2394311 0.07691699 21.14934 1e+05 0.002067504 0.001746181 0.002154082 scaffold_1
47 424 1 1:25385636 25385636 22 A C 0.117 0.2563003 0.07581964 15.52951 1e+05 0.0008392166 0.0009135703 0.001184472 scaffold_1
56 514 1 1:32090861 32090861 13 T C 0.317 -0.1642639 0.0504839 19.15968 1e+05 0.001295187 0.001113062 0.001420578 scaffold_1
59 136 1 1:34667553 34667553 12 G A 0.127 -0.248167 0.06894141 23.47516 1e+05 0.0003838376 0.0002951075 0.0004227277 scaffold_1
60 160 1 1:35588075 35588075 5 A G 0.27 0.2035022 0.05699188 20.36832 1e+05 0.0004265501 0.0003530572 0.0004972592 scaffold_1
61 772 1 1:37788711 37788711 24 C A 0.133 -0.1977209 0.06470643 44.21043 1e+05 0.002487995 0.001656516 0.002051348 scaffold_1
62 713 1 1:39410832 39410832 7 C T 0.146 0.2186083 0.07051803 28.96637 1e+05 0.002155594 0.001495062 0.001865509 scaffold_1
64 45 1 1:41434100 41434100 8 A G 0.159 -0.2415666 0.06171378 21.69557 1e+05 0.0001168475 9.35832e-05 0.0001508374 scaffold_1
65 360 1 1:43396834 43396834 18 G A 0.468 -0.1666931 0.04930113 17.92136 1e+05 0.0008370996 0.0007671843 0.001009043 scaffold_1
67 79 1 1:46242377 46242377 24 G T 0.079 -0.347316 0.09196881 22.99852 1e+05 0.0001986628 0.0001560544 0.0002381683 scaffold_1
69 720 1 1:48761833 48761833 15 < C 0.332 0.1831152 0.05583153 12.77294 1e+05 0.001186043 0.001517678 0.00189161 scaffold_1
70 821 1 1:49649805 49649805 13 C A 0.019 -0.5140752 0.1680088 74.04834 1e+05 0.002455011 0.001747091 0.002155123 scaffold_1
71 331 1 1:51012866 51012866 11 G A 0.3 -0.1828862 0.05276647 15.00197 1e+05 0.0006213293 0.000687293 0.0009123474 scaffold_1
72 245 1 1:52150215 52150215 20 G A 0.086 -0.2731188 0.07961726 28.55823 1e+05 0.0007045123 0.0005070696 0.0006910698 scaffold_1
74 668 1 1:54739619 54739619 12 A G 0.015 -0.6004246 0.1891656 19.97725 1e+05 0.001690784 0.001418295 0.001776728 scaffold_1
75 305 1 1:55298732 55298732 25 T C 0.45 -0.1658188 0.04928401 50.27492 1e+05 0.0008866633 0.0006165336 0.0008260411 scaffold_1
85 205 1 1:76321204 76321204 11 A C 0.465 -0.1736898 0.05010483 69.54582 1e+05 0.0006200657 0.0004393302 0.0006064796 scaffold_1
86 143 1 1:81378020 81378020 14 G A 0.433 0.1776394 0.04805428 13.62442 1e+05 0.0002682852 0.0003156004 0.0004492082 scaffold_1
88 996 1 1:85067784 85067784 18 G A 0.428 0.1556244 0.05209734 24.93152 1e+05 0.003094451 0.002171084 0.002637017 scaffold_1
93 76 1 1:102244028 102244028 10 G T 0.237 -0.235812 0.06054907 14.93106 1e+05 0.0001261922 0.0001537877 0.000235065 scaffold_1
94 113 1 1:108318829 108318829 4 G T 0.418 -0.2006664 0.05532239 25.52088 1e+05 0.0003469762 0.0002395316 0.000350116 scaffold_1
97 533 1 1:164969436 164969436 12 T C 0.423 -0.1679066 0.05306753 30.37577 1e+05 0.001747927 0.001144185 0.001457151 scaffold_1
99 350 1 1:173334860 173334860 23 G A 0.259 -0.2261371 0.06597753 16.15894 1e+05 0.0007117643 0.0007429957 0.0009798443 scaffold_1
101 612 1 1:178995524 178995524 24 T C 0.013 -0.4113686 0.1269587 1e+05 1e+05 0.001355983 0.001282829 0.001619328 scaffold_1
103 716 1 1:183138739 183138739 5 C T 0.048 -0.3642598 0.1107916 13.44708 1e+05 0.001154171 0.001502218 0.001873769 scaffold_1
107 107 1 1:187424041 187424041 12 T C 0.469 -0.1925252 0.05289602 24.68956 1e+05 0.0003313989 0.0002279218 0.0003347792 scaffold_1
108 997 1 1:188099095 188099095 3 T A 0.268 0.256828 0.08385607 18.69212 1e+05 0.002432105 0.002171857 0.002637891 scaffold_1
110 153 1 1:190795520 190795520 3 A G 0.488 0.1847688 0.05114847 17.29533 1e+05 0.0003663742 0.0003435931 0.0004851585 scaffold_1
115 427 1 1:197302644 197302644 9 C G 0.064 0.3188317 0.09226064 12.61569 1e+05 0.00064416 0.0009155192 0.001186794 scaffold_1
122 438 1 1:205282663 205282663 13 T C 0.294 0.1997662 0.05808936 12.72188 1e+05 0.0006836123 0.0009459234 0.001222977 scaffold_1
124 173 1 1:207226211 207226211 13 A G 0.287 -0.2048475 0.05850472 33.70398 1e+05 0.0005476567 0.0003754793 0.0005258273 scaffold_1
129 480 1 1:213025206 213025206 20 G A 0.266 -0.2015996 0.06246371 28.87787 1e+05 0.001415141 0.001034397 0.001327836 scaffold_1
130 312 1 1:213509924 213509924 17 A G 0.193 -0.2261344 0.06312102 12.1348 1e+05 0.0004085884 0.0006244374 0.0008357152 scaffold_1
133 217 1 1:217304350 217304350 5 C G 0.214 0.2027345 0.05651344 14.65037 1e+05 0.0004014823 0.0004565224 0.0006280364 scaffold_1
134 72 1 1:220417851 220417851 11 G A 0.089 -0.349473 0.09021123 15.76325 1e+05 0.0001367049 0.0001476979 0.0002267068 scaffold_1
135 852 1 1:222678827 222678827 24 G A 0.031 0.418687 0.1377268 25.85376 1e+05 0.002616308 0.001813614 0.00223114 scaffold_1
137 74 1 1:224637389 224637389 21 A G 0.05 0.4120239 0.1081137 18.92262 1e+05 0.0001741515 0.0001533438 0.0002344566 scaffold_1
141 770 1 1:229668903 229668903 25 A G 0.331 0.1531106 0.04976606 25.84247 1e+05 0.002325613 0.001648972 0.002042689 scaffold_1
143 52 1 1:232716714 232716714 9 C T 0.053 0.40477 0.1013546 12.8887 1e+05 8.552602e-05 0.0001099332 0.0001741094 scaffold_1
144 838 1 1:235922339 235922339 12 C T 0.025 -0.4816619 0.1516459 15.74616 1e+05 0.001678736 0.00178545 0.002198976 scaffold_1
146 210 1 1:240334890 240334890 10 G C 0.053 0.3991188 0.1116685 15.90158 1e+05 0.0004212901 0.000445224 0.0006138767 scaffold_1
147 2 1 1:240440542 240440542 6 T C 0.014 0.9621399 0.193038 10.90468 1e+05 1.160486e-06 2.067377e-06 5.54131e-06 scaffold_1
148 252 1 1:242970952 242970952 8 C T 0.21 -0.2169843 0.06018941 12.11952 1e+05 0.000376407 0.0005237665 0.0007117858 scaffold_1
150 882 1 1:246458617 246458617 18 G C 0.049 -0.3670332 0.1144171 13.64382 1e+05 0.001511148 0.001887334 0.002315191 scaffold_1
151 972 1 1:248504258 248504258 10 T C 0.088 0.2334846 0.07663287 17.88887 1e+05 0.002559828 0.002126357 0.002586456 scaffold_1
153 419 1 1:253078810 253078810 8 A G 0.012 0.6784362 0.2045602 20.61088 1e+05 0.001046168 0.0009037642 0.001172784 scaffold_1
154 732 1 1:253341424 253341424 14 G A 0.075 -0.2662811 0.08625189 27.67438 1e+05 0.002246901 0.001543249 0.001921094 scaffold_1
158 110 1 1:257517283 257517283 20 C T 0.024 -0.6240847 0.163201 12.5521 1e+05 0.0001656949 0.0002335751 0.0003422554 scaffold_1
160 778 1 1:258938612 258938612 10 G A 0.068 -0.2902874 0.08764012 11.5583 1e+05 0.001061668 0.001671264 0.002068267 scaffold_1
161 482 1 1:260204451 260204451 5 T C 0.369 -0.1617218 0.04965218 19.11831 1e+05 0.001280808 0.001039921 0.001334364 scaffold_1
168 971 1 1:270035675 270035675 22 T G 0.175 0.2073874 0.06823839 20.46957 1e+05 0.002623198 0.002125347 0.002585312 scaffold_1
180 357 1 1:281176174 281176174 15 A T 0.286 0.1750614 0.05252992 108.372 1e+05 0.0009900941 0.000758147 0.0009981413 scaffold_1
181 125 1 1:281699747 281699747 10 G T 0.263 -0.192279 0.05344038 21.50804 1e+05 0.0003861866 0.0002734637 0.0003945967 scaffold_1
182 295 1 1:283390754 283390754 17 A T 0.383 0.1738085 0.04959205 14.94135 1e+05 0.0005410713 0.0006020176 0.0008082504 scaffold_1
185 808 1 1:286038966 286038966 24 C A 0.066 -0.3728332 0.1147564 13.09428 1e+05 0.001316672 0.001736755 0.002143297 scaffold_1
191 750 1 1:289936375 289936375 14 A T 0.151 -0.2218253 0.07089166 20.92162 1e+05 0.001960763 0.001580475 0.001963964 scaffold_1
194 58 1 1:291969729 291969729 18 A C 0.211 -0.2311003 0.05884002 14.18681 1e+05 0.0001109279 0.000126869 0.000197874 scaffold_1
199 980 1 1:294739577 294739577 13 C G 0.425 0.1568077 0.04913054 13.4664 1e+05 0.001594947 0.002144873 0.002607394 scaffold_1
201 225 1 1:295387403 295387403 15 C T 0.37 0.1859553 0.04912479 9.597213 1e+05 0.0001920486 0.000473654 0.0006494559 scaffold_1
213 813 2 2:491661 491661 20 A C 0.135 0.2435823 0.07311471 11.02793 1e+05 0.0009938294 0.001740221 0.002147264 scaffold_2
222 306 2 2:3070527 3070527 21 T C 0.017 -0.5721987 0.1706206 28.28851 1e+05 0.0009208338 0.0006195066 0.000829681 scaffold_2
227 812 2 2:4471713 4471713 15 G A 0.284 0.1817457 0.05752426 16.75677 1e+05 0.001774405 0.001738712 0.002145536 scaffold_2
230 379 2 2:5103476 5103476 3 C G 0.284 -0.212714 0.06416589 25.16649 1e+05 0.001051542 0.0008121831 0.001063194 scaffold_2
245 907 2 2:10539025 10539025 4 A G 0.243 0.1727674 0.05588408 19.75206 1e+05 0.002215923 0.001967404 0.002406269 scaffold_2
248 337 2 2:11648552 11648552 21 G A 0.069 0.3157902 0.09229813 16.56333 1e+05 0.0007271147 0.0007105628 0.0009405891 scaffold_2
251 653 2 2:12607971 12607971 14 G T 0.243 -0.1795143 0.05534187 15.86453 1e+05 0.001339848 0.001382518 0.001735253 scaffold_2
255 83 2 2:14457929 14457929 15 T G 0.118 -0.2580839 0.06880394 23.80272 1e+05 0.0002187563 0.0001643549 0.0002494986 scaffold_2
259 503 2 2:16670854 16670854 14 G A 0.046 -0.331662 0.102631 22.09057 1e+05 0.001395666 0.001090057 0.001393501 scaffold_2
263 324 2 2:18281807 18281807 16 T C 0.435 0.1674723 0.04905475 19.44059 1e+05 0.0007463158 0.000664212 0.0008842681 scaffold_2
264 164 2 2:19386878 19386878 7 T C 0.1 0.2959017 0.08402368 35.43616 1e+05 0.0005092884 0.0003559613 0.0005009672 scaffold_2
266 430 2 2:20820095 20820095 5 C G 0.109 0.2553809 0.07737544 21.94289 1e+05 0.001105086 0.0009257519 0.001198981 scaffold_2
269 109 2 2:22738241 22738241 12 A G 0.145 0.2659715 0.0719538 18.9413 1e+05 0.000268505 0.0002330668 0.0003415837 scaffold_2
272 677 2 2:25072353 25072353 9 A G 0.293 -0.1725549 0.0538998 18.19414 1e+05 0.00154402 0.001432411 0.001793075 scaffold_2
273 232 2 2:27506769 27506769 11 C A 0.202 -0.2147619 0.06106394 18.47426 1e+05 0.0005178569 0.0004806601 0.0006581987 scaffold_2
277 73 2 2:29560186 29560186 12 G A 0.432 0.2019078 0.05018248 9.49119 1e+05 7.594522e-05 0.000153074 0.0002340869 scaffold_2
279 260 2 2:34355969 34355969 11 G T 0.252 -0.2052057 0.05706267 12.70321 1e+05 0.0003888255 0.0005423452 0.000734779 scaffold_2
281 261 2 2:36989920 36989920 24 A C 0.347 -0.1864754 0.05419565 20.87741 1e+05 0.0006792 0.0005456519 0.0007388654 scaffold_2
284 346 2 2:44061602 44061602 13 A G 0.04 0.3698746 0.1057151 12.34434 1e+05 0.0005527693 0.0007368029 0.0009723582 scaffold_2
285 918 2 2:44796814 44796814 7 T C 0.049 0.3061371 0.09655804 14.16783 1e+05 0.00171088 0.002000592 0.002443956 scaffold_2
286 185 2 2:48184693 48184693 25 A G 0.134 -0.2377857 0.06821013 48.08153 1e+05 0.0005784221 0.0003966719 0.000552706 scaffold_2
287 50 2 2:52268876 52268876 17 C T 0.114 -0.2844514 0.07373746 23.12485 1e+05 0.0001456068 0.0001067638 0.0001696254 scaffold_2
290 253 2 2:74718277 74718277 9 C T 0.123 0.2504102 0.07306404 22.10552 1e+05 0.0007123063 0.0005257783 0.0007142784 scaffold_2
291 38 2 2:103563390 103563390 12 A G 0.249 -0.2291669 0.0583252 118.7589 1e+05 0.0001102703 8.460469e-05 0.0001378953 scaffold_2
292 595 2 2:114531627 114531627 14 A G 0.14 0.2744985 0.08089967 12.19137 1e+05 0.0008029523 0.001254764 0.001586593 scaffold_2
293 228 2 2:130611229 130611229 12 T G 0.226 0.2062809 0.0570676 12.53555 1e+05 0.0003633301 0.0004769405 0.0006535584 scaffold_2
294 4 2 2:142639667 142639667 16 G T 0.03 -0.5793135 0.1260584 21.54868 1e+05 6.838848e-06 5.427073e-06 1.257794e-05 scaffold_2
295 273 2 2:151637094 151637094 22 T C 0.128 -0.2700166 0.07839572 20.44212 1e+05 0.0006708716 0.0005708743 0.0007699752 scaffold_2
296 272 2 2:156033590 156033590 16 C T 0.057 -0.3048825 0.0904292 51.7647 1e+05 0.0008655481 0.0005699593 0.0007688485 scaffold_2
297 540 2 2:160343194 160343194 10 T C 0.405 -0.1640698 0.0514617 26.29235 1e+05 0.001613411 0.001149028 0.001462836 scaffold_2
299 198 2 2:174101110 174101110 18 T G 0.062 0.3713207 0.1010483 12.09906 1e+05 0.0002911422 0.0004163292 0.000577538 scaffold_2
300 712 2 2:175733070 175733070 12 A G 0.021 -0.5158004 0.162511 18.75162 1e+05 0.001691492 0.001493274 0.001863444 scaffold_2
306 323 2 2:184052512 184052512 4 G A 0.157 0.2144392 0.06163183 15.81416 1e+05 0.0005924308 0.0006615503 0.0008810256 scaffold_2
307 347 2 2:184818665 184818665 12 T C 0.261 0.1896791 0.0573801 30.34253 1e+05 0.001085935 0.000738261 0.0009741212 scaffold_2
308 43 2 2:186250861 186250861 13 A G 0.115 0.2790744 0.07201196 27.08478 1e+05 0.0001359396 9.201981e-05 0.0001485928 scaffold_2
310 78 2 2:187702227 187702227 3 G C 0.264 0.2037032 0.05359526 19.67756 1e+05 0.000181106 0.0001556714 0.0002376441 scaffold_2
311 518 2 2:188528169 188528169 7 G C 0.087 0.2916579 0.08710876 14.65217 1e+05 0.0009382655 0.001127825 0.001437933 scaffold_2
316 182 2 2:192314319 192314319 17 G A 0.015 0.6840708 0.1890827 15.62678 1e+05 0.0003591384 0.0003936372 0.0005488641 scaffold_2
320 568 2 2:197189847 197189847 15 T C 0.013 -0.7615701 0.242078 29.86488 1e+05 0.001855024 0.001209256 0.001533413 scaffold_2
321 162 2 2:197551525 197551525 10 C T 0.383 -0.175961 0.04939014 21.48204 1e+05 0.0004391903 0.000354822 0.0004995129 scaffold_2
322 166 2 2:200118320 200118320 6 G T 0.101 0.2867328 0.07885105 14.75572 1e+05 0.0003354632 0.0003581883 0.0005038091 scaffold_2
324 11 2 2:204497904 204497904 5 T C 0.065 -0.4003353 0.09271068 22.98695 1e+05 2.267318e-05 1.642695e-05 3.266792e-05 scaffold_2
325 380 2 2:204773933 204773933 5 C G 0.3 -0.1827582 0.05422217 16.79252 1e+05 0.0008684408 0.0008144748 0.001065947 scaffold_2
329 682 2 2:208782393 208782393 21 G A 0.442 0.1669369 0.04605726 8.566708 1e+05 0.0003503951 0.001439015 0.001800718 scaffold_2
340 924 2 2:215683636 215683636 15 G A 0.126 0.2190309 0.0728911 41.6634 1e+05 0.0029257 0.002009186 0.002453709 scaffold_2
341 123 2 2:216859664 216859664 4 T G 0.414 0.1725037 0.04802872 26.55029 1e+05 0.0003952202 0.0002726702 0.0003935619 scaffold_2
342 646 2 2:217173644 217173644 22 A C 0.31 0.1827393 0.05051482 8.363707 1e+05 0.0003595356 0.001372525 0.001723657 scaffold_2
346 208 2 2:220574601 220574601 23 A G 0.15 -0.2077405 0.06030208 31.41227 1e+05 0.0006691696 0.0004438957 0.0006122103 scaffold_2
349 127 2 2:223259072 223259072 16 T C 0.072 -0.3514025 0.09466478 14.18259 1e+05 0.000253244 0.000277813 0.0004002637 scaffold_2
352 994 2 2:226199559 226199559 9 G A 0.244 0.1884802 0.05619969 10.4892 1e+05 0.000920433 0.002165595 0.002630815 scaffold_2
357 8 2 2:230256875 230256875 24 T C 0.079 0.4135894 0.09341629 18.29263 1e+05 1.424058e-05 1.233288e-05 2.548096e-05 scaffold_2
364 456 2 2:233130936 233130936 8 T C 0.306 0.1791326 0.05220055 12.60387 1e+05 0.0007014766 0.0009903853 0.001275751 scaffold_2
368 165 2 2:234923443 234923443 14 T C 0.452 -0.1848996 0.04895966 11.01502 1e+05 0.0001985749 0.000356848 0.0005020989 scaffold_2
371 471 2 2:235825232 235825232 13 T G 0.013 0.7442232 0.2177517 12.89589 1e+05 0.000736503 0.001012008 0.001301359 scaffold_2
395 29 3 3:4443423 4443423 13 A G 0.24 0.2326123 0.05781616 16.14859 1e+05 7.599443e-05 6.624904e-05 0.0001109964 scaffold_3
418 426 3 3:13319736 13319736 19 G T 0.385 0.163345 0.04970659 20.8987 1e+05 0.001160506 0.0009148366 0.001185981 scaffold_3
424 664 3 3:17841227 17841227 8 G T 0.237 -0.1845894 0.05882955 24.18906 1e+05 0.001906113 0.001402702 0.00175866 scaffold_3
430 400 3 3:23310912 23310912 23 T C 0.072 -0.3342073 0.09948445 17.44437 1e+05 0.0009026671 0.0008626746 0.001123712 scaffold_3
431 900 3 3:25223794 25223794 20 A G 0.09 -0.2720523 0.08659199 15.92921 1e+05 0.001880792 0.001947908 0.002384111 scaffold_3
433 69 3 3:29612743 29612743 11 G A 0.36 0.2021984 0.0526563 18.292 1e+05 0.0001558569 0.0001459623 0.0002243192 scaffold_3
434 527 3 3:35498605 35498605 25 T C 0.158 -0.2558921 0.07597882 13.09824 1e+05 0.0008763208 0.001140596 0.001452936 scaffold_3
435 911 3 3:45352594 45352594 14 A G 0.073 -0.2688862 0.08964061 30.56577 1e+05 0.002975293 0.001987404 0.002428984 scaffold_3
436 200 3 3:61342829 61342829 6 A G 0.154 0.2686701 0.07596864 19.31538 1e+05 0.0004826214 0.0004192861 0.0005812652 scaffold_3
437 59 3 3:93194480 93194480 17 T C 0.375 0.2143034 0.05606995 25.54451 1e+05 0.0001669398 0.0001278276 0.0001992099 scaffold_3
438 180 3 3:123287873 123287873 10 T C 0.158 0.2472537 0.06826998 15.08094 1e+05 0.0003540779 0.0003892733 0.0005433354 scaffold_3
439 146 3 3:129328222 129328222 15 C T 0.489 -0.1929416 0.04931052 9.262635 1e+05 0.0001175422 0.0003255818 0.0004620551 scaffold_3
447 634 3 3:156539420 156539420 25 G A 0.147 -0.2075077 0.06598244 28.81252 1e+05 0.001861606 0.001335747 0.001680932 scaffold_3
449 119 3 3:158935668 158935668 10 A G 0.278 0.2230614 0.05774684 10.87102 1e+05 0.0001427544 0.0002616995 0.0003792303 scaffold_3
452 98 3 3:161680797 161680797 8 T C 0.02 0.664143 0.1740902 14.06638 1e+05 0.0001715642 0.0002063167 0.0003060583 scaffold_3
453 145 3 3:162476011 162476011 20 < G 0.013 -0.6015896 0.1656753 1e+05 1e+05 0.0003420106 0.000319426 0.0004541359 scaffold_3
455 24 3 3:167048860 167048860 13 C T 0.075 0.3112183 0.07713788 28.28475 1e+05 7.265242e-05 4.86609e-05 8.45043e-05 scaffold_3
456 378 3 3:167531286 167531286 15 G A 0.342 -0.164008 0.04872619 16.11202 1e+05 0.0008825084 0.0008101266 0.001060724 scaffold_3
457 17 3 3:168345410 168345410 14 C A 0.331 -0.2140573 0.05129578 21.45947 1e+05 4.146534e-05 2.849314e-05 5.280348e-05 scaffold_3
458 355 3 3:170160691 170160691 21 T G 0.459 0.1628879 0.04626353 11.02449 1e+05 0.000510711 0.000755242 0.0009946351 scaffold_3
461 266 3 3:173776488 173776488 22 C T 0.299 0.1834406 0.05183732 12.21128 1e+05 0.0004788378 0.0005556311 0.0007511862 scaffold_3
463 549 3 3:175593128 175593128 7 A G 0.435 0.1695116 0.05135054 15.25259 1e+05 0.001103106 0.001171446 0.001489133 scaffold_3
467 809 3 3:178654176 178654176 12 A C 0.015 -0.7068775 0.2249474 17.77251 1e+05 0.001876841 0.00173714 0.002143738 scaffold_3
469 478 3 3:180044263 180044263 19 C T 0.459 -0.1612419 0.04957543 19.76068 1e+05 0.001301024 0.001031402 0.001324297 scaffold_3
476 481 3 3:187981880 187981880 21 C T 0.364 0.1711544 0.05159749 16.36763 1e+05 0.001044208 0.001039741 0.001334151 scaffold_3
480 639 3 3:195115904 195115904 16 T C 0.173 0.1929857 0.06160594 57.19148 1e+05 0.001938362 0.001346763 0.001693736 scaffold_3
491 269 3 3:206039013 206039013 23 A G 0.17 0.2108041 0.06181401 24.72919 1e+05 0.0007560304 0.0005633608 0.0007607187 scaffold_3
494 440 3 3:208373340 208373340 11 C T 0.074 -0.2958022 0.08735738 14.47115 1e+05 0.000822669 0.0009463063 0.001223432 scaffold_3
499 892 3 3:211311980 211311980 6 C T 0.336 -0.1710226 0.05445674 16.50766 1e+05 0.001888527 0.001926204 0.002359431 scaffold_3
500 92 3 3:212498729 212498729 13 A T 0.404 0.1925793 0.0518853 23.13193 1e+05 0.0002536591 0.0001937944 0.0002892948 scaffold_3
506 250 3 3:215930544 215930544 12 A G 0.299 -0.1826357 0.05247053 19.42248 1e+05 0.0005895466 0.0005234982 0.0007114533 scaffold_3
511 159 3 3:218275251 218275251 21 T C 0.504 -0.1899624 0.05389321 22.8073 1e+05 0.0005035639 0.0003519844 0.0004958888 scaffold_3
516 96 3 3:221651323 221651323 22 G A 0.03 0.5618096 0.1482571 15.57491 1e+05 0.0001891041 0.0002012788 0.000299325 scaffold_3
526 564 3 3:226352939 226352939 22 G A 0.361 0.1726903 0.05141137 12.47001 1e+05 0.0009039248 0.001195968 0.001517861 scaffold_3
563 36 4 4:6555830 6555830 7 A G 0.171 0.2556723 0.06283222 16.3707 1e+05 6.324852e-05 7.982608e-05 0.0001309534 scaffold_4
564 884 4 4:7318979 7318979 23 T A 0.393 -0.1556984 0.05093389 22.46823 1e+05 0.002478332 0.001895011 0.002323933 scaffold_4
568 591 4 4:10223491 10223491 10 C T 0.144 -0.2486309 0.07339548 12.10614 1e+05 0.0008185658 0.001243356 0.001573274 scaffold_4
570 25 4 4:10601702 10601702 22 A G 0.171 -0.2897521 0.06905263 12.31114 1e+05 3.770592e-05 5.196988e-05 8.955454e-05 scaffold_4
571 21 4 4:11076595 11076595 13 G T 0.442 -0.206081 0.04764166 10.0818 1e+05 2.196402e-05 4.548845e-05 7.962881e-05 scaffold_4
573 147 4 4:11481261 11481261 15 C T 0.103 0.2788029 0.0753259 13.11327 1e+05 0.0002636684 0.0003308146 0.0004687776 scaffold_4
574 51 4 4:11798220 11798220 23 T C 0.126 -0.311513 0.07828941 15.26131 1e+05 9.062071e-05 0.000107641 0.0001708675 scaffold_4
578 572 4 4:14047539 14047539 13 T C 0.198 -0.183076 0.05803258 29.11832 1e+05 0.001802422 0.001218621 0.001544367 scaffold_4
579 366 4 4:14954102 14954102 4 T C 0.135 -0.212289 0.06396184 18.86714 1e+05 0.001037469 0.0007921291 0.001039088 scaffold_4
585 962 4 4:20207015 20207015 25 A C 0.164 0.1916585 0.06401583 61.70908 1e+05 0.003029258 0.002107945 0.002565624 scaffold_4
586 663 4 4:21608020 21608020 7 C T 0.171 -0.2159576 0.0662105 16.38351 1e+05 0.001261094 0.001399978 0.001755501 scaffold_4
588 95 4 4:23552223 23552223 21 C T 0.043 0.4657159 0.1218793 14.05678 1e+05 0.0001675467 0.0002001825 0.0002978578 scaffold_4
589 650 4 4:25237713 25237713 16 G A 0.426 0.1621581 0.05096593 19.89056 1e+05 0.001648579 0.001377395 0.001729309 scaffold_4
593 383 4 4:34504263 34504263 17 < G 0.415 -0.1909208 0.05770873 21.90736 1e+05 0.001075985 0.0008203615 0.001073014 scaffold_4
595 80 4 4:42287609 42287609 8 C T 0.157 -0.328972 0.08538309 15.55909 1e+05 0.0001482879 0.0001585628 0.0002415978 scaffold_4
597 163 4 4:67531480 67531480 6 G C 0.128 0.2769093 0.07209096 10.9285 1e+05 0.0001551733 0.000355515 0.0005003976 scaffold_4
599 158 4 4:125571880 125571880 3 T C 0.34 0.1978979 0.05356286 12.90336 1e+05 0.0002702498 0.000351841 0.0004957057 scaffold_4
600 99 4 4:131795815 131795815 7 G A 0.163 0.2509531 0.06551977 13.64262 1e+05 0.0001618231 0.0002071395 0.0003071566 scaffold_4
601 487 4 4:140011409 140011409 4 T C 0.412 0.1709511 0.05163649 16.70576 1e+05 0.001067499 0.001046352 0.00134196 scaffold_4
605 15 4 4:152813600 152813600 20 C T 0.097 0.3627958 0.08402669 15.51501 1e+05 2.271991e-05 2.373119e-05 4.500255e-05 scaffold_4
614 257 4 4:163418262 163418262 14 T G 0.01 0.8325337 0.2385538 16.66621 1e+05 0.0005705487 0.0005372667 0.0007284997 scaffold_4
617 921 4 4:167220406 167220406 10 T C 0.074 -0.2718696 0.08816934 19.25531 1e+05 0.002274394 0.002008279 0.00245268 scaffold_4
625 863 4 4:174876500 174876500 16 A G 0.363 0.1487956 0.04905479 26.53091 1e+05 0.002673215 0.001829446 0.002249207 scaffold_4
626 569 4 4:175169098 175169098 15 A G 0.309 -0.1653202 0.05228509 22.99829 1e+05 0.00176019 0.001216017 0.001541322 scaffold_4
628 703 4 4:176918276 176918276 21 T C 0.067 -0.2683055 0.08665279 57.73429 1e+05 0.002181703 0.001481915 0.001850325 scaffold_4
629 233 4 4:177438004 177438004 22 C T 0.113 0.2857054 0.07495995 8.439694 1e+05 0.0001738729 0.0004807953 0.0006583674 scaffold_4
637 557 4 4:183570107 183570107 13 G A 0.029 0.4643572 0.1378912 12.91873 1e+05 0.000877474 0.001185161 0.001505206 scaffold_4
638 472 4 4:183768485 183768485 12 G A 0.444 0.1518558 0.04714131 60.09546 1e+05 0.001444757 0.001022611 0.001313903 scaffold_4
640 870 4 4:185889961 185889961 6 T C 0.188 -0.1698233 0.05594386 30.38208 1e+05 0.00265323 0.001855917 0.002279394 scaffold_4
641 798 4 4:186342980 186342980 16 T C 0.392 0.1583292 0.0510577 19.15502 1e+05 0.002148934 0.001713477 0.002116649 scaffold_4
642 631 4 4:186684142 186684142 21 C T 0.254 -0.1784633 0.05621511 20.1399 1e+05 0.001687535 0.001331301 0.001675761 scaffold_4
643 220 4 4:187773170 187773170 18 G A 0.215 0.2045422 0.05774775 16.6855 1e+05 0.0004733087 0.0004620492 0.0006349531 scaffold_4
644 475 4 4:188923370 188923370 6 A G 0.128 0.2319238 0.07009417 17.66371 1e+05 0.001074535 0.001027671 0.001319886 scaffold_4
645 1 4 4:190623861 190623861 14 C A 0.303 0.267401 0.05145486 12.28581 1e+05 4.200921e-07 7.319084e-07 2.322335e-06 scaffold_4
646 44 4 4:191330027 191330027 3 C A 0.16 0.2771328 0.07182596 34.85663 1e+05 0.0001451747 9.328304e-05 0.0001504067 scaffold_4
647 789 4 4:195379313 195379313 19 A C 0.207 -0.1857219 0.05965125 21.56219 1e+05 0.00206339 0.001699957 0.00210116 scaffold_4
648 172 4 4:197550611 197550611 15 T A 0.034 -0.5167022 0.1445911 19.58746 1e+05 0.0004222043 0.0003710796 0.0005202325 scaffold_4
650 333 4 4:204301633 204301633 8 T C 0.027 0.5031765 0.1420385 12.44007 1e+05 0.000472384 0.0006914849 0.0009174399 scaffold_4
652 786 4 4:211261243 211261243 17 A G 0.032 -0.4026289 0.1315456 60.22096 1e+05 0.002447576 0.001694919 0.002095387 scaffold_4
654 57 4 4:224413746 224413746 22 T C 0.199 0.2506508 0.06389891 14.89173 1e+05 0.000113115 0.0001232521 0.0001928248 scaffold_4
655 97 4 4:226536394 226536394 4 G A 0.267 -0.1893956 0.05172958 36.39258 1e+05 0.0003060052 0.0002049954 0.0003042937 scaffold_4
657 621 4 4:229998557 229998557 14 C T 0.427 -0.1485831 0.04658968 20.24231 1e+05 0.001608098 0.001314675 0.001656419 scaffold_4
658 203 4 4:230754779 230754779 12 A G 0.317 -0.1882529 0.05283276 17.16658 1e+05 0.0004383787 0.0004337491 0.0005994679 scaffold_4
659 298 4 4:231944835 231944835 6 A G 0.192 0.2137794 0.06288124 19.23473 1e+05 0.0007844989 0.0006117059 0.0008201276 scaffold_4
663 648 4 4:234384962 234384962 12 T C 0.423 0.1479068 0.04750251 42.89964 1e+05 0.002062035 0.001375549 0.001727165 scaffold_4
664 139 4 4:234741250 234741250 24 C T 0.052 -0.3113955 0.08797092 40.40088 1e+05 0.0004771479 0.0003016283 0.0004311694 scaffold_4
666 226 4 4:235224491 235224491 18 A C 0.034 0.4902472 0.1359783 14.49536 1e+05 0.0003759803 0.000473955 0.0006498318 scaffold_4
669 665 4 4:236305455 236305455 6 A G 0.35 0.1670331 0.04993991 12.32165 1e+05 0.0009497444 0.00140813 0.001764951 scaffold_4
678 571 4 4:238665018 238665018 5 A T 0.421 -0.1583004 0.04895388 18.61292 1e+05 0.001386004 0.001216518 0.001541908 scaffold_4
679 353 4 4:239014800 239014800 21 T C 0.293 -0.1886147 0.05424792 14.01521 1e+05 0.0005976264 0.0007458047 0.0009832384 scaffold_4
685 144 4 4:240238622 240238622 7 C T 0.309 0.181527 0.05066651 21.90376 1e+05 0.0004082478 0.0003162314 0.0004500212 scaffold_4
696 299 5 5:2265991 2265991 7 C T 0.343 0.170937 0.05017785 21.17141 1e+05 0.0007658188 0.000611793 0.0008202344 scaffold_5
720 176 5 5:7372378 7372378 21 C T 0.084 0.3348564 0.09330867 17.25539 1e+05 0.000399543 0.0003824202 0.0005346432 scaffold_5
724 16 5 5:10102089 10102089 3 G A 0.028 0.6029568 0.1363696 10.98257 1e+05 1.460556e-05 2.578034e-05 4.837905e-05 scaffold_5
728 231 5 5:11609894 11609894 18 G T 0.177 -0.2093643 0.06074861 26.85704 1e+05 0.0006658524 0.0004791386 0.0006563009 scaffold_5
739 13 5 5:16781727 16781727 22 T C 0.115 -0.2648005 0.0613091 1e+05 1e+05 2.257855e-05 2.055275e-05 3.969836e-05 scaffold_5
740 689 5 5:17365503 17365503 7 C T 0.104 -0.2269556 0.0730865 29.81866 1e+05 0.002118984 0.001448333 0.001811501 scaffold_5
743 423 5 5:21161958 21161958 12 G A 0.073 -0.2695931 0.0807393 1e+05 1e+05 0.0009683425 0.0009132389 0.001184077 scaffold_5
746 660 5 5:24630840 24630840 6 C T 0.077 -0.2846493 0.08849837 17.23248 1e+05 0.001468419 0.001393301 0.00174776 scaffold_5
749 27 5 5:31880646 31880646 10 C G 0.041 0.5395579 0.1272865 10.61092 1e+05 3.158232e-05 5.659319e-05 9.655581e-05 scaffold_5
750 624 5 5:39365708 39365708 16 A G 0.16 0.2141562 0.06633931 17.23593 1e+05 0.001411692 0.001321795 0.001664705 scaffold_5
752 300 5 5:46950954 46950954 8 G A 0.253 0.2104885 0.05845886 11.52898 1e+05 0.0003825105 0.0006121973 0.0008207298 scaffold_5
757 364 5 5:70179069 70179069 8 C T 0.502 -0.1725083 0.04735784 9.622594 1e+05 0.000327796 0.0007763074 0.001020039 scaffold_5
758 974 5 5:74370306 74370306 6 C A 0.451 -0.1486391 0.04702167 14.57566 1e+05 0.001764979 0.002129192 0.002589662 scaffold_5
759 555 5 5:76146299 76146299 3 A G 0.286 0.1779263 0.05446671 18.46315 1e+05 0.001239864 0.001180067 0.001499237 scaffold_5
760 401 5 5:82270245 82270245 13 T A 0.242 0.1845105 0.05400127 13.96354 1e+05 0.0007390401 0.0008639433 0.00112523 scaffold_5
762 354 5 5:91094625 91094625 15 A T 0.372 0.186644 0.05556862 21.00189 1e+05 0.0009045134 0.0007526221 0.0009914722 scaffold_5
763 638 5 5:140129415 140129415 9 A G 0.186 0.2085362 0.06621972 24.56432 1e+05 0.001835695 0.001339003 0.001684717 scaffold_5
764 587 5 5:142613912 142613912 22 T C 0.054 -0.3024527 0.09650944 44.4317 1e+05 0.00192989 0.001238715 0.001567853 scaffold_5
765 259 5 5:148080167 148080167 17 T C 0.172 0.2409226 0.07010412 23.52582 1e+05 0.0006891904 0.0005393445 0.0007310694 scaffold_5
767 949 5 5:160871168 160871168 9 G C 0.26 0.1771711 0.0587328 23.71297 1e+05 0.002819339 0.0020806 0.002534667 scaffold_5
768 769 5 5:162939923 162939923 17 A G 0.388 0.1598584 0.05125471 20.70434 1e+05 0.002027079 0.001644414 0.002037456 scaffold_5
769 361 5 5:165360587 165360587 5 T G 0.149 0.210407 0.06191236 15.20956 1e+05 0.0007879773 0.0007713124 0.00101402 scaffold_5
776 133 5 5:172979741 172979741 17 T C 0.191 -0.2064579 0.05691332 17.4132 1e+05 0.0003465086 0.0002893852 0.0004153072 scaffold_5
779 262 5 5:176373715 176373715 17 T C 0.462 -0.1691498 0.0493747 21.54508 1e+05 0.0007159 0.00054604 0.0007393448 scaffold_5
780 984 5 5:177899611 177899611 10 G A 0.432 0.1524911 0.04538507 9.665846 1e+05 0.0009009606 0.002147702 0.002610593 scaffold_5
783 152 5 5:183375264 183375264 24 A G 0.146 0.2477318 0.06955059 22.904 1e+05 0.0004404371 0.0003393404 0.0004797124 scaffold_5
787 5 5 5:186455211 186455211 22 T C 0.353 -0.254679 0.05530569 17.92846 1e+05 6.561937e-06 5.919496e-06 1.354824e-05 scaffold_5
788 33 5 5:186924265 186924265 15 A G 0.282 0.205185 0.05212465 24.65535 1e+05 0.0001071573 7.204194e-05 0.0001195567 scaffold_5
789 763 5 5:188319594 188319594 19 T C 0.385 -0.1666371 0.05355605 19.69621 1e+05 0.002076952 0.001615692 0.002004464 scaffold_5
790 207 5 5:188517164 188517164 7 A G 0.311 -0.1949928 0.05559197 19.93579 1e+05 0.0005356635 0.0004430678 0.0006111715 scaffold_5
793 739 5 5:192483747 192483747 15 G A 0.084 0.2831802 0.08847887 16.09018 1e+05 0.001548457 0.001563213 0.001944093 scaffold_5
794 214 5 5:193354255 193354255 0 G C 0.154 0.2265722 0.06525791 26.68932 1e+05 0.000608241 0.0004520952 0.0006224913 scaffold_5
795 377 5 5:195238445 195238445 16 A C 0.068 0.3179736 0.09304487 15.11873 1e+05 0.0007373787 0.0008081185 0.001058312 scaffold_5
797 780 5 5:198098048 198098048 12 T C 0.083 0.277084 0.08734817 16.42437 1e+05 0.00170139 0.001673816 0.002071194 scaffold_5
801 618 5 5:201685902 201685902 15 C T 0.45 -0.1528974 0.04820951 22.14336 1e+05 0.001705106 0.001296754 0.001635554 scaffold_5
834 63 5 5:213588074 213588074 11 C G 0.178 -0.2430596 0.06413776 21.49035 1e+05 0.0001889455 0.0001372859 0.0002123436 scaffold_5
836 268 5 5:214123461 214123461 12 T G 0.386 -0.1802469 0.05189411 17.97427 1e+05 0.0006052051 0.0005597679 0.000756289 scaffold_5
837 3 5 5:214162807 214162807 15 A T 0.214 0.2592589 0.05570058 22.72998 1e+05 5.263372e-06 3.955685e-06 9.603443e-06 scaffold_5
841 32 5 5:215102312 215102312 12 A G 0.05 0.4155275 0.1023204 15.22025 1e+05 6.533832e-05 7.066852e-05 0.0001175336 scaffold_5
843 843 5 5:215541542 215541542 16 C A 0.414 0.1624136 0.05123633 14.99944 1e+05 0.001714317 0.00179652 0.002211622 scaffold_5
844 284 5 5:215765550 215765550 13 T C 0.431 0.1704225 0.04862047 16.33499 1e+05 0.0005403075 0.00058405 0.0007861862 scaffold_5
849 414 6 6:8683478 8683478 8 T C 0.045 -0.3839543 0.1158459 21.79986 1e+05 0.001054102 0.0008847698 0.001150119 scaffold_6
852 583 6 6:18526628 18526628 23 T G 0.209 0.1876685 0.05757341 18.03156 1e+05 0.001269838 0.001235399 0.001563979 scaffold_6
853 616 6 6:22174687 22174687 10 T C 0.06 0.3361652 0.1057287 25.17262 1e+05 0.001660582 0.00128924 0.0016268 scaffold_6
855 41 6 6:29595127 29595127 18 T A 0.472 -0.2073453 0.05190812 15.21826 1e+05 8.523307e-05 8.976968e-05 0.0001453557 scaffold_6
856 291 6 6:31541460 31541460 7 < A 0.163 0.215204 0.06313687 19.70653 1e+05 0.0007607195 0.000596514 0.0008014971 scaffold_6
857 149 6 6:50438246 50438246 8 A C 0.288 -0.21241 0.05961548 20.0642 1e+05 0.0004386718 0.0003347491 0.0004738265 scaffold_6
858 321 6 6:68393474 68393474 23 A G 0.178 -0.2092211 0.06117419 17.64701 1e+05 0.0007305107 0.0006599144 0.0008790322 scaffold_6
859 276 6 6:74200004 74200004 18 A C 0.16 0.2503287 0.06400963 7.536131 1e+05 0.0001184584 0.0005742431 0.0007741227 scaffold_6
860 106 6 6:81135981 81135981 20 A C 0.221 -0.2222647 0.06031956 22.37565 1e+05 0.0002804049 0.0002257325 0.0003318797 scaffold_6
867 204 6 6:92475057 92475057 16 G A 0.192 0.2095182 0.06048541 63.11404 1e+05 0.0006257713 0.0004362222 0.0006025758 scaffold_6
880 171 6 6:107182578 107182578 16 T G 0.11 -0.2648822 0.07526154 28.01314 1e+05 0.0005132508 0.0003707828 0.0005198548 scaffold_6
881 148 6 6:108430318 108430318 8 < G 0.012 0.753638 0.2029075 13.3817 1e+05 0.0002512384 0.0003313488 0.0004694633 scaffold_6
893 449 6 6:120237054 120237054 11 C A 0.184 -0.1961445 0.06055706 30.43891 1e+05 0.001361351 0.0009657924 0.00124658 scaffold_6
894 134 6 6:122728223 122728223 9 C T 0.094 0.3347441 0.09167267 17.93697 1e+05 0.0003172445 0.00029149 0.000418038 scaffold_6
898 394 6 6:130316929 130316929 5 T C 0.389 -0.1601758 0.04913923 32.52332 1e+05 0.001269864 0.0008497617 0.001108259 scaffold_6
900 697 6 6:133215221 133215221 9 A G 0.027 -0.5101826 0.1550685 13.64784 1e+05 0.001145351 0.001464776 0.001830517 scaffold_6
901 513 6 6:133824463 133824463 25 C G 0.307 0.1709916 0.05299281 23.95327 1e+05 0.001418812 0.001111649 0.001418915 scaffold_6
903 244 6 6:140118429 140118429 12 A G 0.164 -0.2211792 0.06309341 16.30749 1e+05 0.0005394914 0.0005059801 0.0006897164 scaffold_6
911 398 6 6:149552458 149552458 16 C G 0.105 -0.2621432 0.0774295 16.17792 1e+05 0.000824226 0.0008602513 0.001120813 scaffold_6
912 885 6 6:149865990 149865990 25 G C 0.189 0.1935256 0.06332814 25.99555 1e+05 0.002485945 0.001902971 0.002332994 scaffold_6
913 784 6 6:150488233 150488233 5 T C 0.177 0.2167358 0.06335706 10.36213 1e+05 0.0007285248 0.001685932 0.002085087 scaffold_6
915 698 6 6:151981699 151981699 22 C A 0.331 -0.1866199 0.05712554 13.99588 1e+05 0.001239273 0.001472135 0.001839023 scaffold_6
932 661 6 6:159787059 159787059 22 C T 0.249 0.1877801 0.05965421 20.34882 1e+05 0.001843841 0.001394171 0.001748769 scaffold_6
941 964 6 6:162744126 162744126 24 T G 0.255 0.1713498 0.05599376 19.26374 1e+05 0.002452267 0.002111771 0.002569953 scaffold_6
946 714 6 6:164343265 164343265 20 A C 0.129 0.2346896 0.0720446 14.50749 1e+05 0.001278791 0.001495253 0.001865729 scaffold_6
950 126 6 6:164876654 164876654 4 T G 0.341 0.2080151 0.05457222 10.40265 1e+05 0.0001736746 0.0002770041 0.0003992103 scaffold_6
951 993 6 6:165405662 165405662 12 G A 0.4 0.1392014 0.04617921 21.74103 1e+05 0.002839025 0.002163033 0.00262792 scaffold_6
955 115 6 6:166456301 166456301 16 A G 0.35 0.2002873 0.05460549 22.13081 1e+05 0.0002985721 0.0002448715 0.000357149 scaffold_6
965 412 7 7:1958928 1958928 2 T G 0.145 0.2393773 0.07336043 56.22902 1e+05 0.001255356 0.0008830866 0.001148109 scaffold_7
967 931 7 7:2363579 2363579 6 C T 0.401 0.1780455 0.05039198 8.261102 1e+05 0.0004885357 0.00202886 0.002476028 scaffold_7
990 441 7 7:7419555 7419555 4 C T 0.108 -0.2799616 0.08283855 15.23996 1e+05 0.0008415233 0.0009491376 0.001226797 scaffold_7
992 242 7 7:8064645 8064645 8 G C 0.012 0.6660137 0.1877083 15.07958 1e+05 0.0004629332 0.0005023179 0.0006851651 scaffold_7
999 9 7 7:12396336 12396336 24 T C 0.022 0.7283987 0.1612586 11.45184 1e+05 9.661127e-06 1.585984e-05 3.16864e-05 scaffold_7
1003 195 7 7:16354864 16354864 12 C A 0.093 0.3049715 0.08335307 13.24299 1e+05 0.0003088179 0.0004101307 0.0005697177 scaffold_7
1004 429 7 7:16677792 16677792 9 A G 0.029 0.4721885 0.1361115 12.07101 1e+05 0.0006143641 0.0009252547 0.001198389 scaffold_7
1006 53 7 7:21200007 21200007 8 A C 0.216 0.2296057 0.05841432 16.21384 1e+05 0.0001096167 0.0001117693 0.0001767014 scaffold_7
1007 326 7 7:26507765 26507765 10 G A 0.27 0.1992546 0.05774406 16.77949 1e+05 0.0006559329 0.0006667701 0.0008873835 scaffold_7
1008 121 7 7:27286593 27286593 18 A G 0.023 -0.5262512 0.1468011 38.90724 1e+05 0.0004052727 0.0002695935 0.0003895475 scaffold_7
1009 466 7 7:38915625 38915625 13 A G 0.05 0.3660805 0.1101573 17.09784 1e+05 0.001022429 0.001007732 0.001296297 scaffold_7
1010 141 7 7:79192307 79192307 12 C T 0.193 -0.2409502 0.06551864 16.70933 1e+05 0.0002880233 0.0003030605 0.0004330214 scaffold_7
1013 229 7 7:108872146 108872146 11 T C 0.11 0.2920818 0.08163243 14.56847 1e+05 0.0004153971 0.0004785857 0.0006556111 scaffold_7
1016 85 7 7:115459085 115459085 18 C G 0.166 0.2343151 0.06240981 20.3174 1e+05 0.0002159198 0.0001702454 0.0002575082 scaffold_7
1017 823 7 7:117878945 117878945 11 < C 0.05 -0.3461563 0.1119502 23.60612 1e+05 0.002212164 0.001753414 0.002162356 scaffold_7
1018 641 7 7:119442277 119442277 12 G A 0.048 -0.3582442 0.111137 16.81989 1e+05 0.001434352 0.001360695 0.001709922 scaffold_7
1033 562 7 7:138933948 138933948 14 A G 0.425 0.1670904 0.05197858 19.24991 1e+05 0.00147746 0.001192033 0.001513254 scaffold_7
1035 100 7 7:142213596 142213596 17 C T 0.025 0.5710394 0.1469387 11.42296 1e+05 0.0001303374 0.0002082615 0.0003086538 scaffold_7
1037 67 7 7:143149880 143149880 12 T C 0.483 -0.1789214 0.04740141 27.7447 1e+05 0.0002000651 0.0001399956 0.0002160908 scaffold_7
1039 846 7 7:145761560 145761560 10 C A 0.498 0.1384918 0.04513652 23.58261 1e+05 0.002388904 0.001799737 0.002215296 scaffold_7
1044 501 7 7:151565591 151565591 13 T C 0.121 -0.2550617 0.07702219 16.32748 1e+05 0.001064327 0.001084368 0.0013868 scaffold_7
1045 77 7 7:151761233 151761233 17 G A 0.15 0.2666404 0.06929787 14.88965 1e+05 0.0001512613 0.0001540344 0.0002354028 scaffold_7
1051 880 7 7:157793141 157793141 1 T C 0.444 0.2715089 0.08970872 28.58565 1e+05 0.002730955 0.001882074 0.002309201 scaffold_7
1052 889 7 7:158338308 158338308 15 G A 0.342 0.1545375 0.04957866 17.61596 1e+05 0.002039591 0.001918362 0.00235051 scaffold_7
1053 901 7 7:158637236 158637236 13 A G 0.29 -0.1684065 0.05388024 16.96798 1e+05 0.001983376 0.001951434 0.00238812 scaffold_7
1055 986 7 7:159934799 159934799 23 T C 0.417 -0.1434528 0.04500141 13.07497 1e+05 0.001615828 0.002148295 0.002611263 scaffold_7
1058 47 7 7:161476986 161476986 9 A G 0.031 0.5034506 0.1290381 19.50855 1e+05 0.0001227985 9.607742e-05 0.0001544111 scaffold_7
1061 528 7 7:162713943 162713943 12 A T 0.373 -0.1682404 0.05162207 18.13875 1e+05 0.00127224 0.001140756 0.001453124 scaffold_7
1077 55 7 7:170073560 170073560 14 G A 0.021 0.6249559 0.1582005 14.81188 1e+05 0.0001014354 0.0001170351 0.0001841135 scaffold_7
1081 691 7 7:171535420 171535420 19 A G 0.321 0.1970752 0.05935316 12.31833 1e+05 0.001032546 0.001450786 0.001814339 scaffold_7
1083 292 7 7:172086283 172086283 16 C A 0.276 0.1894841 0.05492158 18.53856 1e+05 0.0006572512 0.0005990718 0.0008046363 scaffold_7
1100 94 8 8:834516 834516 7 C T 0.467 -0.1770959 0.0476146 21.6892 1e+05 0.0002464194 0.0001955748 0.0002916838 scaffold_8
1103 343 8 8:1747795 1747795 11 C G 0.13 -0.2579572 0.07320251 12.126 1e+05 0.0005052093 0.0007259229 0.0009591954 scaffold_8
1104 749 8 8:2520357 2520357 25 T C 0.167 0.2394267 0.07449549 16.1194 1e+05 0.001480549 0.001578415 0.001961593 scaffold_8
1109 86 8 8:4234915 4234915 24 A G 0.087 -0.356708 0.09041854 11.32396 1e+05 0.0001035824 0.0001749933 0.0002639465 scaffold_8
1132 151 8 8:12876352 12876352 13 G C 0.231 -0.1954371 0.05364938 15.89718 1e+05 0.0003275513 0.0003378194 0.0004777632 scaffold_8
1133 138 8 8:13206667 13206667 7 T A 0.38 0.1826994 0.05051606 19.8158 1e+05 0.0003606959 0.0003012996 0.0004307443 scaffold_8
1134 851 8 8:13803048 13803048 6 A T 0.213 -0.1818808 0.05736407 16.2432 1e+05 0.001710078 0.001806483 0.002222999 scaffold_8
1136 382 8 8:14548721 14548721 20 G T 0.388 -0.1527081 0.04648413 29.81705 1e+05 0.001164528 0.0008172646 0.001069296 scaffold_8
1141 221 8 8:18222880 18222880 23 G A 0.37 0.1730585 0.04879501 16.59515 1e+05 0.0004654298 0.0004657989 0.0006396421 scaffold_8
1142 89 8 8:18784718 18784718 15 C A 0.357 0.1949785 0.04898638 11.41427 1e+05 9.016786e-05 0.0001861932 0.0002790737 scaffold_8
1144 804 8 8:20704686 20704686 6 A G 0.464 -0.1490086 0.04683679 15.92288 1e+05 0.001649959 0.001728438 0.002133778 scaffold_8
1149 137 8 8:25134243 25134243 6 C A 0.407 0.1645852 0.04545856 19.9596 1e+05 0.0003555772 0.0002966312 0.0004247015 scaffold_8
1150 607 8 8:39214949 39214949 20 G T 0.2 -0.1877012 0.05925213 22.17397 1e+05 0.001725987 0.001276068 0.001611446 scaffold_8
1154 599 8 8:88474997 88474997 11 G A 0.155 0.2493251 0.07220208 10.13218 1e+05 0.0006501485 0.001261229 0.001594137 scaffold_8
1155 939 8 8:96316999 96316999 8 A G 0.41 -0.1498866 0.04797957 15.35535 1e+05 0.001993806 0.002062906 0.002514623 scaffold_8
1156 644 8 8:101182200 101182200 14 C T 0.082 -0.3077135 0.09704062 22.36413 1e+05 0.001708174 0.001368332 0.001718789 scaffold_8
1160 20 8 8:113942410 113942410 9 G C 0.383 0.2248372 0.05404415 16.38803 1e+05 4.36907e-05 3.685058e-05 6.616237e-05 scaffold_8
1161 695 8 8:116401410 116401410 9 T C 0.041 -0.330106 0.1063777 38.00426 1e+05 0.002133849 0.001459167 0.001824032 scaffold_8
1162 396 8 8:118206796 118206796 8 A C 0.455 0.1579997 0.04785659 22.09559 1e+05 0.001101382 0.0008510594 0.001109812 scaffold_8
1164 186 8 8:122536867 122536867 13 C A 0.442 -0.165528 0.0474778 25.73123 1e+05 0.0005776961 0.0003982599 0.0005547156 scaffold_8
1166 479 8 8:126824573 126824573 12 A G 0.392 0.1594562 0.04870073 19.5962 1e+05 0.001208708 0.001031571 0.001324497 scaffold_8
1168 61 8 8:134443178 134443178 20 G C 0.285 -0.2093953 0.05281216 13.00884 1e+05 9.580482e-05 0.0001290392 0.0002008972 scaffold_8
1169 477 8 8:136576128 136576128 7 G C 0.154 0.2255844 0.06564434 11.43772 1e+05 0.0006896197 0.00102939 0.001321918 scaffold_8
1170 46 8 8:141363732 141363732 13 A G 0.021 -0.4675381 0.1206346 83.00733 1e+05 0.0001358007 9.374057e-05 0.0001510631 scaffold_8
1175 819 8 8:147667073 147667073 23 C T 0.187 0.2164959 0.06740386 14.23098 1e+05 0.001490754 0.001745053 0.002152791 scaffold_8
1176 636 8 8:148684871 148684871 2 C G 0.492 0.15671 0.04892387 19.51553 1e+05 0.001535099 0.001335965 0.001681185 scaffold_8
1177 30 8 8:149966237 149966237 23 T C 0.207 0.2515446 0.06362995 31.88751 1e+05 0.0001003097 6.669317e-05 0.0001116553 scaffold_8
1178 895 8 8:151343640 151343640 8 G A 0.394 0.1843511 0.05855714 14.35932 1e+05 0.00184132 0.00193974 0.002374826 scaffold_8
1180 68 8 8:154554497 154554497 10 G A 0.377 -0.1869381 0.0493969 20.4264 1e+05 0.0001927499 0.0001419034 0.0002187252 scaffold_8
1184 805 8 8:158846946 158846946 16 A G 0.011 0.7497379 0.2342854 15.29539 1e+05 0.001550704 0.001731842 0.002137674 scaffold_8
1187 740 8 8:161173283 161173283 19 T C 0.248 0.1752999 0.05524043 17.7209 1e+05 0.001694538 0.001564384 0.001945441 scaffold_8
1193 60 8 8:164295171 164295171 12 T C 0.029 0.4982675 0.1265128 13.46473 1e+05 0.0001063007 0.0001282111 0.0001997442 scaffold_8
1195 484 8 8:164947418 164947418 8 T G 0.067 -0.2786956 0.08758236 36.50601 1e+05 0.00164639 0.001043457 0.001338541 scaffold_8
1197 914 8 8:165406198 165406198 19 C T 0.312 0.1525339 0.05010742 22.6543 1e+05 0.002581725 0.001994265 0.002436774 scaffold_8
1198 405 8 8:165732934 165732934 13 A C 0.09 0.26541 0.07799792 14.49878 1e+05 0.0007761744 0.0008707528 0.001133372 scaffold_8
1200 14 8 8:166350020 166350020 24 A G 0.087 0.3620056 0.08410099 16.51088 1e+05 2.401921e-05 2.276083e-05 4.339232e-05 scaffold_8
1209 236 8 8:168971968 168971968 25 G A 0.408 0.1877905 0.05437811 23.35055 1e+05 0.0006495407 0.0004908925 0.0006709503 scaffold_8
1217 393 8 8:171090792 171090792 23 T C 0.335 0.1892796 0.0532639 11.95569 1e+05 0.0004538363 0.000849083 0.001107446 scaffold_8
1224 410 8 8:172526935 172526935 9 T C 0.492 0.166913 0.04964429 16.81397 1e+05 0.0008939986 0.000878204 0.001142276 scaffold_8
1228 494 8 8:173773883 173773883 8 G A 0.196 0.2038358 0.06097314 14.55664 1e+05 0.0009551262 0.001071118 0.001371183 scaffold_8
1230 541 8 8:174375503 174375503 11 A G 0.095 -0.2766907 0.08436891 16.76867 1e+05 0.001187043 0.001153763 0.001468392 scaffold_8
1234 932 8 8:175249245 175249245 24 T C 0.017 0.654953 0.2078718 14.84453 1e+05 0.001826055 0.002034054 0.002481918 scaffold_8
1243 508 9 9:3125879 3125879 8 G A 0.284 -0.1739026 0.05228929 15.73849 1e+05 0.001013593 0.001100736 0.001406075 scaffold_9
1247 728 9 9:4654639 4654639 18 C T 0.162 0.1938928 0.06097699 17.25823 1e+05 0.001659142 0.001533992 0.001910424 scaffold_9
1249 271 9 9:5347509 5347509 25 T C 0.408 0.1797283 0.05117006 15.83718 1e+05 0.0005265273 0.0005697198 0.0007685534 scaffold_9
1258 801 9 9:8962033 8962033 9 T C 0.156 0.2059199 0.06587293 20.6792 1e+05 0.001980484 0.001719555 0.002123608 scaffold_9
1259 511 9 9:9648338 9648338 23 A G 0.474 0.1598477 0.04968541 25.21639 1e+05 0.001464692 0.001107402 0.001413919 scaffold_9
1260 311 9 9:10013451 10013451 17 G A 0.032 -0.4293195 0.1280958 41.22382 1e+05 0.0009274844 0.0006228312 0.00083375 scaffold_9
1266 581 9 9:12107787 12107787 22 T C 0.426 -0.1577105 0.0468193 12.32096 1e+05 0.0008746404 0.001233054 0.001561239 scaffold_9
1268 390 9 9:13364641 13364641 5 A G 0.228 0.2040157 0.05998157 14.35206 1e+05 0.0007801926 0.0008434303 0.001100676 scaffold_9
1274 62 9 9:16488367 16488367 6 G A 0.085 0.3106453 0.08092359 18.72797 1e+05 0.0001565888 0.0001369593 0.0002118916 scaffold_9
1285 31 9 9:22790690 22790690 11 C T 0.087 0.35602 0.08793209 15.72824 1e+05 6.862777e-05 6.898431e-05 0.0001150473 scaffold_9
1289 294 9 9:26832690 26832690 4 T C 0.195 0.208181 0.06197309 36.07187 1e+05 0.0009032168 0.0006018709 0.0008080704 scaffold_9
1290 179 9 9:32552397 32552397 18 C G 0.14 -0.2880304 0.08093764 20.24813 1e+05 0.0004456115 0.0003859308 0.0005390974 scaffold_9
1291 90 9 9:56653172 56653172 13 C G 0.225 0.2075702 0.05620827 26.64982 1e+05 0.0002720788 0.0001878841 0.0002813504 scaffold_9
1292 335 9 9:87321263 87321263 8 A C 0.167 -0.2190737 0.06561286 25.77235 1e+05 0.0009689197 0.0007016964 0.0009298362 scaffold_9
1297 112 9 9:105893259 105893259 17 T G 0.068 -0.3947509 0.1073832 21.74173 1e+05 0.0002896208 0.0002387316 0.0003490613 scaffold_9
1298 551 9 9:109316479 109316479 16 T G 0.082 0.2648132 0.0827581 24.13344 1e+05 0.001552043 0.001173165 0.001491148 scaffold_9
1299 845 9 9:112272229 112272229 10 G A 0.405 0.154463 0.0498856 20.24286 1e+05 0.002181584 0.001799351 0.002214856 scaffold_9
1302 35 9 9:118362620 118362620 14 A G 0.431 -0.2059375 0.05245785 25.00272 1e+05 0.0001117266 7.974951e-05 0.0001308419 scaffold_9
1304 157 9 9:123130276 123130276 21 G A 0.17 -0.2284111 0.06297201 17.23946 1e+05 0.0003470177 0.0003511486 0.000494821 scaffold_9
1305 666 9 9:125396607 125396607 11 A G 0.143 0.2310922 0.07195472 17.58219 1e+05 0.001492188 0.00141042 0.001767604 scaffold_9
1306 122 9 9:127195535 127195535 11 C T 0.254 0.1940708 0.05390956 24.32962 1e+05 0.0003834833 0.0002714199 0.0003919311 scaffold_9
1307 325 9 9:128350000 128350000 11 A G 0.322 0.1925793 0.0540426 11.52749 1e+05 0.0004379248 0.0006645214 0.0008846449 scaffold_9
1308 589 9 9:130496438 130496438 18 T C 0.219 -0.1940568 0.05981187 17.85333 1e+05 0.001336608 0.00124254 0.00157232 scaffold_9
1313 727 9 9:136649912 136649912 19 C T 0.124 0.2226074 0.07061311 18.03085 1e+05 0.001815632 0.001530201 0.001906053 scaffold_9
1318 71 9 9:139844987 139844987 13 T C 0.208 -0.2258398 0.0601688 28.78863 1e+05 0.0002167556 0.0001471284 0.0002259236 scaffold_9
1324 247 9 9:142589209 142589209 5 C G 0.349 -0.169763 0.04874497 18.60835 1e+05 0.000585468 0.0005121177 0.0006973383 scaffold_9
1328 958 9 9:144259832 144259832 2 A G 0.215 -0.1926698 0.05957269 11.54407 1e+05 0.001383528 0.002098484 0.002554915 scaffold_9
1334 425 9 9:147131262 147131262 8 A G 0.408 -0.1668681 0.04920445 14.29297 1e+05 0.0008078764 0.0009141221 0.00118513 scaffold_9
1343 230 9 9:150464078 150464078 8 A G 0.061 0.349181 0.09147093 9.135936 1e+05 0.0001699546 0.0004786849 0.0006557348 scaffold_9
1345 580 9 9:151078838 151078838 25 G A 0.281 -0.1672538 0.05211116 20.72966 1e+05 0.001502566 0.001231827 0.001559805 scaffold_9
1350 979 9 9:152032262 152032262 19 G A 0.083 -0.2789628 0.09247106 18.58866 1e+05 0.002817584 0.002137853 0.002599456 scaffold_9
1357 322 9 9:153779117 153779117 5 C T 0.25 -0.1725862 0.05083656 20.92828 1e+05 0.0007977871 0.0006600936 0.0008792506 scaffold_9
1361 524 9 9:154698022 154698022 14 C T 0.245 -0.1735117 0.0537983 21.5242 1e+05 0.001425821 0.001134168 0.001445386 scaffold_9
1363 222 9 9:155363491 155363491 25 T C 0.044 -0.4166801 0.11509 13.34936 1e+05 0.0003556859 0.0004665542 0.0006405864 scaffold_9
1371 457 10 10:1320009 1320009 8 < A 0.057 -0.3616692 0.1105048 22.29373 1e+05 0.001214144 0.0009923896 0.001278126 scaffold_10
1375 463 10 10:2455962 2455962 18 G A 0.111 -0.2602391 0.07835103 16.50098 1e+05 0.001028767 0.001004077 0.00129197 scaffold_10
1400 526 10 10:9503158 9503158 17 T C 0.462 -0.174903 0.05310615 16.38614 1e+05 0.001132109 0.001137862 0.001449725 scaffold_10
1404 711 10 10:12191456 12191456 22 C A 0.251 0.1794729 0.05715525 21.36175 1e+05 0.00189118 0.00149017 0.001859859 scaffold_10
1406 403 10 10:13789918 13789918 19 T C 0.145 -0.2237782 0.0675987 22.91488 1e+05 0.001068499 0.0008672099 0.001129136 scaffold_10
1407 432 10 10:14768625 14768625 13 G A 0.39 0.1794703 0.05127549 11.41068 1e+05 0.0005501396 0.000928075 0.001201746 scaffold_10
1408 274 10 10:15401878 15401878 14 G A 0.036 0.4394939 0.1262942 17.54921 1e+05 0.0005912437 0.0005734856 0.0007731903 scaffold_10
1409 787 10 10:19086218 19086218 15 G A 0.34 -0.1612487 0.05093759 17.54161 1e+05 0.001738732 0.001698247 0.002099202 scaffold_10
1411 40 10 10:26360012 26360012 8 T C 0.149 0.2626683 0.06579581 16.75997 1e+05 8.601193e-05 8.554665e-05 0.0001392591 scaffold_10
1413 7 10 10:78073969 78073969 8 G A 0.443 -0.2115177 0.04687408 19.67124 1e+05 9.85246e-06 8.643482e-06 1.875043e-05 scaffold_10
1414 130 10 10:79556612 79556612 14 G A 0.036 0.4842117 0.132011 17.13222 1e+05 0.0002984962 0.0002803169 0.000403523 scaffold_10
1415 103 10 10:83969295 83969295 9 G C 0.418 -0.1806014 0.04940941 27.41667 1e+05 0.0003129483 0.000216543 0.0003196831 scaffold_10
1416 19 10 10:91145182 91145182 10 A G 0.267 -0.2355065 0.05430514 12.52898 1e+05 2.095965e-05 3.147473e-05 5.761291e-05 scaffold_10
1417 28 10 10:92300769 92300769 11 A G 0.455 0.1810956 0.04554297 50.97479 1e+05 9.156633e-05 6.137301e-05 0.0001037329 scaffold_10
1418 416 10 10:99221770 99221770 7 G T 0.049 -0.3543064 0.1051843 16.16432 1e+05 0.0008748201 0.0008901097 0.001156494 scaffold_10
1419 318 10 10:108488760 108488760 17 C T 0.309 0.1786486 0.05310488 25.84858 1e+05 0.0008881575 0.0006431322 0.0008585627 scaffold_10
1420 561 10 10:112288544 112288544 21 T A 0.459 -0.1672426 0.05288917 30.04624 1e+05 0.00175883 0.001190398 0.00151134 scaffold_10
1422 465 10 10:120300588 120300588 11 C G 0.178 -0.2104591 0.06032082 11.45022 1e+05 0.0005724334 0.001005646 0.001293828 scaffold_10
1423 142 10 10:122253081 122253081 6 A G 0.069 0.3207473 0.08644803 13.97689 1e+05 0.0002549394 0.0003034664 0.0004335463 scaffold_10
1426 517 10 10:128725331 128725331 21 T G 0.149 -0.2419076 0.07261802 15.26078 1e+05 0.0009947685 0.001121271 0.00143023 scaffold_10
1430 26 10 10:132052760 132052760 23 G T 0.346 0.2148075 0.05251674 17.61102 1e+05 5.80797e-05 5.298418e-05 9.109582e-05 scaffold_10
1431 733 10 10:132560490 132560490 20 A G 0.455 -0.1533938 0.04856083 19.4605 1e+05 0.001778297 0.001545695 0.001923913 scaffold_10
1437 967 10 10:136463969 136463969 14 C T 0.023 -0.4808676 0.156097 18.60645 1e+05 0.002296016 0.002117638 0.002576592 scaffold_10
1448 206 10 10:141396196 141396196 7 T C 0.055 0.3416603 0.0937129 12.9533 1e+05 0.0003239911 0.000441581 0.0006093054 scaffold_10
1449 849 10 10:141759859 141759859 21 G A 0.082 -0.2938102 0.09378595 17.95035 1e+05 0.001937145 0.001804541 0.002220782 scaffold_10
1450 256 10 10:142202739 142202739 12 C A 0.488 -0.1811894 0.05216818 18.78523 1e+05 0.0006055911 0.0005341231 0.0007246106 scaffold_10
1453 140 10 10:142958816 142958816 8 G A 0.143 0.2419431 0.06575172 15.76705 1e+05 0.0002858205 0.0003018824 0.0004314981 scaffold_10
1456 168 10 10:144038466 144038466 11 G A 0.068 -0.3380396 0.09146184 13.25597 1e+05 0.0002689631 0.0003635341 0.0005106252 scaffold_10
