5 196 1 1:2089782 2089782 5 G A 0.25 -0.6522113 0.1882769 7.553174 1e+05 0.0006223872 0.0004280657 0.0005866884 scaffold_1
6 493 1 1:2653867 2653867 15 C T 0.258 0.5040405 0.1718402 9.971391 1e+05 0.003655398 0.001099297 0.001394234 scaffold_1
18 42 1 1:6922166 6922166 15 T C 0.287 0.6801663 0.1734296 7.112063 1e+05 0.0001125908 0.0001075442 0.0001684461 scaffold_1
20 936 1 1:8017826 8017826 16 A G 0.494 0.4684538 0.156727 7.364465 1e+05 0.003068185 0.002134875 0.002581032 scaffold_1
34 688 1 1:14104504 14104504 16 G A 0.347 -0.4792466 0.1567662 8.117049 1e+05 0.002469022 0.001576936 0.001947286 scaffold_1
35 46 1 1:14858366 14858366 24 C A 0.365 0.5928312 0.1609306 8.734397 1e+05 0.0002797692 0.0001118344 0.0001744485 scaffold_1
44 34 1 1:22071391 22071391 4 C T 0.422 -0.5895408 0.1510244 7.286508 1e+05 0.0001209161 9.78106e-05 0.0001547447 scaffold_1
45 219 1 1:22744115 22744115 8 G A 0.16 -0.8102756 0.2185771 6.208166 1e+05 0.0002564568 0.0004944215 0.0006691706 scaffold_1
49 365 1 1:26424770 26424770 8 G A 0.281 0.5251599 0.1613026 8.117517 1e+05 0.001281674 0.0008433454 0.001091949 scaffold_1
51 362 1 1:27759880 27759880 11 C T 0.1 -0.7013854 0.2297056 8.684808 1e+05 0.002498331 0.0008323329 0.00107882 scaffold_1
53 40 1 1:28529210 28529210 26 C T 0.023 -1.953026 0.5402859 8.81118 1e+05 0.0003611157 0.0001047662 0.0001645478 scaffold_1
54 461 1 1:29792864 29792864 7 G A 0.39 0.558726 0.1671711 7.180284 1e+05 0.0009536974 0.00103509 0.001318875 scaffold_1
55 681 1 1:31206796 31206796 18 T A 0.436 0.4486159 0.1493333 7.773906 1e+05 0.00292441 0.001563309 0.001931664 scaffold_1
57 835 1 1:32995980 32995980 3 G A 0.091 0.71569 0.2604465 9.233782 1e+05 0.006418653 0.001889544 0.002303684 scaffold_1
58 812 1 1:33115257 33115257 10 A G 0.1 0.7684066 0.2584154 8.281356 1e+05 0.003221446 0.001845575 0.002253772 scaffold_1
59 770 1 1:35253178 35253178 9 C A 0.329 0.4799871 0.1605894 8.856228 1e+05 0.003068862 0.001763229 0.002160115 scaffold_1
60 606 1 1:35584434 35584434 14 C T 0.16 0.5604732 0.1956083 8.866622 1e+05 0.004508193 0.001388136 0.001730088 scaffold_1
62 462 1 1:39061940 39061940 6 G C 0.484 0.5185045 0.1479672 6.001772 1e+05 0.0005394617 0.001036883 0.001320983 scaffold_1
64 269 1 1:41254099 41254099 16 C G 0.147 -0.7540122 0.2169274 7.465305 1e+05 0.0005968804 0.0005987209 0.0007972396 scaffold_1
67 18 1 1:45802965 45802965 15 C T 0.045 -1.658374 0.3921364 6.317505 1e+05 3.257361e-05 5.863568e-05 9.810861e-05 scaffold_1
70 974 1 1:49929582 49929582 13 A G 0.062 0.9818089 0.3111884 6.877145 1e+05 0.001794288 0.002223474 0.002680753 scaffold_1
78 53 1 1:61718343 61718343 26 C T 0.423 -0.6568285 0.1603749 6.153185 1e+05 5.634187e-05 0.0001256027 0.0001935751 scaffold_1
79 715 1 1:65132858 65132858 20 G A 0.174 0.5528817 0.2176252 13.91892 1e+05 0.01165325 0.001638646 0.002017939 scaffold_1
87 704 1 1:83578311 83578311 26 G A 0.406 -0.4854784 0.1671686 8.285724 1e+05 0.004000552 0.001606705 0.001981389 scaffold_1
93 695 1 1:102903175 102903175 18 C T 0.473 -0.5378518 0.1622682 6.406778 1e+05 0.001048918 0.001593173 0.001965892 scaffold_1
94 155 1 1:125957972 125957972 5 A G 0.088 1.212709 0.3111897 5.757459 1e+05 0.0001240716 0.0003471438 0.0004847767 scaffold_1
95 760 1 1:138070214 138070214 20 T C 0.05 1.316168 0.3799591 5.784105 1e+05 0.0006226811 0.001738338 0.002131756 scaffold_1
97 576 1 1:163140908 163140908 22 A G 0.121 -0.7889506 0.2511803 6.486992 1e+05 0.001879311 0.001320619 0.001651999 scaffold_1
98 258 1 1:170595794 170595794 25 G A 0.011 2.957071 0.7977468 6.123673 1e+05 0.0002567157 0.0005747384 0.0007679431 scaffold_1
99 110 1 1:173698350 173698350 13 A G 0.429 0.565651 0.1575851 8.007054 1e+05 0.000396186 0.0002448928 0.0003532481 scaffold_1
105 392 1 1:184656685 184656685 20 C T 0.463 0.4818729 0.1482257 8.358323 1e+05 0.001302649 0.000898488 0.001157523 scaffold_1
107 198 1 1:187299396 187299396 25 T C 0.091 1.046967 0.2701799 5.416412 1e+05 0.0001351196 0.0004353475 0.0005957836 scaffold_1
121 472 1 1:202441672 202441672 20 G A 0.021 1.424017 0.4619219 8.75175 1e+05 0.002272173 0.001058667 0.00134658 scaffold_1
123 739 1 1:206557024 206557024 19 C T 0.138 0.6126091 0.2105238 7.928912 1e+05 0.003929344 0.001682878 0.002068486 scaffold_1
130 251 1 1:214202768 214202768 22 G A 0.347 -0.5406433 0.1605026 7.014473 1e+05 0.0008709765 0.0005615013 0.0007517361 scaffold_1
133 216 1 1:219533089 219533089 4 G A 0.44 0.5558029 0.1505934 6.21852 1e+05 0.0002725733 0.0004806836 0.0006521644 scaffold_1
134 244 1 1:219602633 219602633 5 C T 0.424 0.575443 0.1534854 5.637649 1e+05 0.0002188572 0.0005446765 0.0007310972 scaffold_1
136 566 1 1:223890628 223890628 7 G C 0.457 0.4604878 0.1571373 8.664114 1e+05 0.003686407 0.001292786 0.001619739 scaffold_1
137 870 1 1:224692852 224692852 18 G C 0.387 0.5217951 0.1817892 8.647289 1e+05 0.004439063 0.001976844 0.002402594 scaffold_1
141 836 1 1:229795934 229795934 8 C G 0.012 -2.573299 0.7458843 5.585445 1e+05 0.0006543138 0.00189049 0.002304758 scaffold_1
142 156 1 1:230263413 230263413 26 C T 0.072 -1.065458 0.2806523 5.681444 1e+05 0.0001829348 0.0003499547 0.000488345 scaffold_1
143 372 1 1:232907538 232907538 22 A C 0.073 -0.8113 0.2794814 9.798011 1e+05 0.004016006 0.000855927 0.001106935 scaffold_1
145 350 1 1:236361261 236361261 22 T G 0.015 1.836629 0.5898122 9.76428 1e+05 0.002053486 0.0008120414 0.001054599 scaffold_1
147 453 1 1:240966814 240966814 19 G A 0.473 0.5033735 0.1570763 7.219855 1e+05 0.001521833 0.001023896 0.001305706 scaffold_1
148 505 1 1:243096544 243096544 12 G A 0.058 1.075219 0.3130425 6.47287 1e+05 0.0006905703 0.001127916 0.001427734 scaffold_1
149 586 1 1:244659617 244659617 6 T C 0.057 0.9465347 0.312422 7.140416 1e+05 0.002695908 0.001335751 0.001669522 scaffold_1
156 754 1 1:254816414 254816414 24 C T 0.43 -0.4546006 0.1583795 8.620514 1e+05 0.004439154 0.001718905 0.002109599 scaffold_1
172 683 1 1:275770199 275770199 17 C T 0.234 -0.5681435 0.1847204 7.731822 1e+05 0.002325097 0.001569264 0.001938491 scaffold_1
175 952 1 1:277918458 277918458 11 A C 0.224 0.5423887 0.1917262 8.36035 1e+05 0.005035128 0.002183479 0.002635765 scaffold_1
177 615 1 1:280156774 280156774 21 T G 0.306 -0.4569286 0.1663836 10.09005 1e+05 0.006451039 0.001402009 0.001746105 scaffold_1
179 393 1 1:280704023 280704023 17 C T 0.297 0.5519307 0.1706913 8.563423 1e+05 0.001381519 0.0009052803 0.001165582 scaffold_1
183 11 1 1:284572326 284572326 21 T C 0.327 0.6712492 0.1611383 7.512726 1e+05 4.232835e-05 3.561517e-05 6.312477e-05 scaffold_1
185 211 1 1:286109348 286109348 24 A C 0.335 0.553861 0.1670524 7.763412 1e+05 0.001045655 0.0004702946 0.0006392804 scaffold_1
189 668 1 1:289136294 289136294 22 G A 0.257 -0.4819065 0.1717244 8.957334 1e+05 0.005392367 0.001521494 0.001883673 scaffold_1
190 460 1 1:289620257 289620257 14 T G 0.439 0.4592933 0.1505694 8.42667 1e+05 0.002522811 0.001033944 0.001317527 scaffold_1
195 223 1 1:292600541 292600541 15 A G 0.49 -0.4177757 0.1381409 10.84561 1e+05 0.00274276 0.000504829 0.0006820311 scaffold_1
196 599 1 1:292878762 292878762 8 T C 0.182 -0.6028711 0.2008326 9.134081 1e+05 0.002945525 0.001363402 0.001701509 scaffold_1
197 805 1 1:293098199 293098199 12 G A 0.199 -0.5403851 0.1941885 8.802119 1e+05 0.005786219 0.001830615 0.002236775 scaffold_1
207 964 1 1:298862205 298862205 19 A G 0.06 -1.501696 0.4410692 5.330732 1e+05 0.0007675556 0.002201968 0.002656568 scaffold_1
221 292 2 2:2550091 2550091 8 C A 0.472 -0.5110528 0.149277 6.867706 1e+05 0.0007184081 0.000638336 0.0008454536 scaffold_2
237 276 2 2:7429772 7429772 22 A G 0.316 0.6217058 0.1800615 6.960922 1e+05 0.0006479855 0.0006168213 0.0008192957 scaffold_2
241 532 2 2:9008680 9008680 11 G A 0.414 0.4653651 0.1471631 7.397573 1e+05 0.001752067 0.001193064 0.001503798 scaffold_2
247 876 2 2:11374104 11374104 2 G T 0.39 0.4473807 0.154476 8.320664 1e+05 0.004100718 0.001987506 0.002414656 scaffold_2
252 957 2 2:13314826 13314826 22 C G 0.268 -0.5594938 0.1730072 6.418125 1e+05 0.001379517 0.002191573 0.002644873 scaffold_2
262 180 2 2:17882740 17882740 23 A G 0.141 0.8225898 0.2324488 6.860128 1e+05 0.0004762906 0.0004032221 0.0005555698 scaffold_2
264 145 2 2:19439876 19439876 6 G A 0.118 0.8404471 0.2308659 7.378341 1e+05 0.0003286071 0.0003232835 0.000454396 scaffold_2
265 65 2 2:20073974 20073974 18 T C 0.198 0.682007 0.18752 8.672046 1e+05 0.0003327934 0.0001565698 0.0002359429 scaffold_2
266 378 2 2:20082097 20082097 21 A G 0.204 0.6316167 0.1935228 7.661436 1e+05 0.00124726 0.0008721795 0.001126272 scaffold_2
277 414 2 2:30904401 30904401 1 A G 0.112 0.7288521 0.2239045 7.781139 1e+05 0.001284068 0.0009446911 0.001212263 scaffold_2
280 298 2 2:36348375 36348375 13 T C 0.103 0.8540196 0.2577141 7.644519 1e+05 0.001051654 0.0006592216 0.0008707883 scaffold_2
283 100 2 2:40056254 40056254 12 A G 0.273 0.7108192 0.1928317 6.687201 1e+05 0.0002772276 0.0002275578 0.0003305519 scaffold_2
284 926 2 2:42525535 42525535 17 G A 0.137 -0.824635 0.2723607 7.263959 1e+05 0.002712633 0.002111767 0.002554986 scaffold_2
285 477 2 2:44646652 44646652 18 C T 0.434 0.5465824 0.1556207 5.842693 1e+05 0.0005240331 0.001066763 0.001356085 scaffold_2
287 227 2 2:52440853 52440853 26 A G 0.034 -1.303218 0.4155693 9.269845 1e+05 0.001910383 0.0005118865 0.0006907411 scaffold_2
289 415 2 2:61466021 61466021 14 A G 0.053 -1.220216 0.3513673 6.279085 1e+05 0.0006035206 0.0009451973 0.001212862 scaffold_2
291 386 2 2:112021955 112021955 25 A G 0.239 -0.6616708 0.190564 6.661928 1e+05 0.000604797 0.0008892499 0.001146556 scaffold_2
292 97 2 2:129938895 129938895 11 A C 0.184 0.6714208 0.1919672 8.506969 1e+05 0.0005523712 0.0002239525 0.000325814 scaffold_2
293 564 2 2:131165871 131165871 12 T G 0.317 0.533182 0.161744 7.022185 1e+05 0.001116063 0.001287012 0.001613041 scaffold_2
295 203 2 2:148831110 148831110 15 T C 0.228 0.7086825 0.2036492 7.634039 1e+05 0.0005883395 0.0004530094 0.0006177974 scaffold_2
296 441 2 2:157153029 157153029 16 T C 0.176 -0.7059041 0.2072298 6.825103 1e+05 0.0007629679 0.001001685 0.001279551 scaffold_2
297 225 2 2:158214727 158214727 10 G A 0.361 -0.5383065 0.1587321 6.6412 1e+05 0.0008043419 0.0005096949 0.0006880373 scaffold_2
299 60 2 2:174586736 174586736 24 T C 0.139 -0.7422974 0.2042574 9.03825 1e+05 0.0003363188 0.0001494784 0.0002263116 scaffold_2
301 376 2 2:178090563 178090563 20 T A 0.423 0.4782539 0.1505065 7.814664 1e+05 0.00166502 0.0008657244 0.001118595 scaffold_2
303 214 2 2:180842359 180842359 7 A C 0.195 0.5922068 0.1880111 10.61035 1e+05 0.001825195 0.0004762283 0.0006466416 scaffold_2
305 126 2 2:182901804 182901804 20 A G 0.207 -0.670761 0.1802876 7.034201 1e+05 0.000243829 0.0002715338 0.0003878778 scaffold_2
308 382 2 2:185869140 185869140 8 G A 0.336 -0.4661396 0.164635 10.4069 1e+05 0.004998984 0.0008777399 0.001132882 scaffold_2
309 624 2 2:186767005 186767005 22 T C 0.397 -0.3968648 0.1507519 11.70483 1e+05 0.008983246 0.001428626 0.001776808 scaffold_2
310 827 2 2:187927002 187927002 13 C G 0.111 0.681812 0.2358973 8.435964 1e+05 0.004175037 0.001881082 0.002294084 scaffold_2
311 429 2 2:188706147 188706147 11 G T 0.262 0.573955 0.1805964 8.630696 1e+05 0.001662372 0.0009696823 0.001241799 scaffold_2
312 107 2 2:189059682 189059682 24 T A 0.091 0.8501604 0.2528419 11.45726 1e+05 0.0008893691 0.0002357337 0.0003412733 scaffold_2
313 297 2 2:189837004 189837004 18 T G 0.352 0.5515998 0.159456 6.170437 1e+05 0.0006331871 0.0006554855 0.0008662605 scaffold_2
314 738 2 2:190168607 190168607 16 T C 0.078 0.7192803 0.2589955 10.48643 1e+05 0.00588376 0.001680993 0.002066333 scaffold_2
322 112 2 2:201980635 201980635 24 A T 0.392 -0.5070561 0.1632838 15.73754 1e+05 0.002111588 0.0002464592 0.0003552924 scaffold_2
325 617 2 2:205537561 205537561 15 G C 0.451 -0.4325704 0.1532678 9.960878 1e+05 0.005137606 0.001407264 0.001752169 scaffold_2
327 905 2 2:206500760 206500760 14 T C 0.34 0.4234826 0.153325 9.597146 1e+05 0.006156356 0.002058857 0.002495291 scaffold_2
332 999 2 2:210771185 210771185 10 C T 0.078 0.7874053 0.2697105 8.095489 1e+05 0.003815077 0.002277153 0.002741067 scaffold_2
334 300 2 2:212163591 212163591 13 G A 0.133 -0.7316663 0.2148457 7.75409 1e+05 0.0007652176 0.000665025 0.0008778179 scaffold_2
335 652 2 2:212402531 212402531 15 C T 0.346 0.5314398 0.1569575 6.342134 1e+05 0.0008196605 0.001485853 0.001842706 scaffold_2
340 623 2 2:215684533 215684533 19 C T 0.254 0.5899109 0.1820271 6.828113 1e+05 0.001348052 0.001426862 0.001774775 scaffold_2
343 5 2 2:218643329 218643329 12 G A 0.07 1.160549 0.2760314 8.439734 1e+05 3.608139e-05 2.262766e-05 4.237382e-05 scaffold_2
345 941 2 2:220226973 220226973 16 A G 0.216 0.5767168 0.1967399 7.662912 1e+05 0.003676246 0.002151906 0.002600218 scaffold_2
353 638 2 2:226968126 226968126 10 C T 0.1 0.699183 0.2352061 8.810197 1e+05 0.003230525 0.001455378 0.001807633 scaffold_2
354 567 2 2:228168056 228168056 12 G A 0.191 0.7456199 0.2244457 6.62308 1e+05 0.001022376 0.00129285 0.001619813 scaffold_2
356 588 2 2:229660125 229660125 12 C T 0.291 -0.4753328 0.1686378 8.801898 1e+05 0.005194714 0.001338809 0.00167306 scaffold_2
357 718 2 2:230392581 230392581 17 A T 0.057 1.058396 0.3153082 6.174901 1e+05 0.0009071686 0.001646269 0.002026656 scaffold_2
359 452 2 2:231604894 231604894 8 C T 0.482 -0.4923533 0.1554073 8.440353 1e+05 0.00171817 0.001023333 0.001305043 scaffold_2
360 822 2 2:231882167 231882167 8 A G 0.403 -0.4839135 0.1593925 7.834276 1e+05 0.002641967 0.001859379 0.002269449 scaffold_2
366 707 2 2:234140885 234140885 17 A G 0.303 -0.5228988 0.1839885 9.434071 1e+05 0.004839699 0.001619507 0.001996044 scaffold_2
371 228 2 2:235826118 235826118 23 T C 0.021 -1.945583 0.5389925 6.588472 1e+05 0.0003679861 0.0005128993 0.0006919903 scaffold_2
380 840 3 3:1542895 1542895 13 A G 0.222 0.5229232 0.1681679 7.589302 1e+05 0.002083121 0.00189322 0.002307854 scaffold_3
381 650 3 3:1725653 1725653 17 G T 0.381 0.4394402 0.1516039 8.18345 1e+05 0.004069327 0.001476585 0.001832045 scaffold_3
401 43 3 3:5955028 5955028 7 C T 0.443 0.5658972 0.1487505 7.782582 1e+05 0.0001774427 0.0001081587 0.0001693072 scaffold_3
411 149 3 3:9419052 9419052 7 C A 0.335 -0.5707528 0.1570423 7.059268 1e+05 0.0003359947 0.0003264338 0.0004584169 scaffold_3
419 189 3 3:13512467 13512467 13 C T 0.286 0.5927852 0.1676416 7.676183 1e+05 0.0004810829 0.0004175542 0.0005735389 scaffold_3
430 423 3 3:23745940 23745940 9 T C 0.028 1.63757 0.4772904 6.756345 1e+05 0.0006997967 0.0009608474 0.001231363 scaffold_3
434 696 3 3:35798798 35798798 24 C A 0.213 0.5960766 0.1867865 7.277623 1e+05 0.001591493 0.001593664 0.001966454 scaffold_3
435 132 3 3:48802814 48802814 15 A G 0.039 1.350488 0.3897513 9.257354 1e+05 0.000620417 0.0002847786 0.0004049912 scaffold_3
437 334 3 3:108091981 108091981 8 G A 0.474 0.4968123 0.1510629 7.699886 1e+05 0.001145684 0.0007607043 0.0009931363 scaffold_3
438 799 3 3:116995911 116995911 14 A G 0.045 -1.727744 0.5246756 6.172828 1e+05 0.001129399 0.001812305 0.002215961 scaffold_3
441 529 3 3:136448055 136448055 23 C G 0.271 -0.5256823 0.1674794 7.917738 1e+05 0.001892854 0.001187224 0.00149699 scaffold_3
442 383 3 3:144728741 144728741 9 A G 0.137 0.7489554 0.2590708 10.78552 1e+05 0.004166834 0.0008811543 0.00113694 scaffold_3
444 262 3 3:148320359 148320359 4 G C 0.062 -1.004935 0.3062913 8.37554 1e+05 0.001176528 0.0005859548 0.0007816553 scaffold_3
447 183 3 3:155998416 155998416 7 T C 0.406 -0.5449891 0.1654874 8.352861 1e+05 0.001128398 0.0004080417 0.0005616177 scaffold_3
450 199 3 3:159556294 159556294 12 T C 0.094 0.9060257 0.2459206 6.071204 1e+05 0.0002792988 0.0004374112 0.0005983592 scaffold_3
459 466 3 3:170816432 170816432 16 C T 0.149 -0.5236547 0.188395 10.39739 1e+05 0.005842327 0.001052186 0.001338968 scaffold_3
463 669 3 3:175596849 175596849 19 C A 0.262 0.6036708 0.1774819 6.218207 1e+05 0.0007766501 0.001522062 0.001884326 scaffold_3
474 310 3 3:185891058 185891058 12 G A 0.289 -0.5268091 0.1638255 7.768574 1e+05 0.00146672 0.0006803726 0.0008963882 scaffold_3
478 473 3 3:190374674 190374674 9 C T 0.054 -1.065387 0.3347848 7.949072 1e+05 0.001639376 0.001059036 0.001347013 scaffold_3
479 923 3 3:192056141 192056141 8 T C 0.101 0.942916 0.2767938 6.025186 1e+05 0.0007624833 0.00209259 0.002533359 scaffold_3
481 333 3 3:196000170 196000170 26 G T 0.121 0.7586862 0.2355913 7.310549 1e+05 0.001443908 0.0007588701 0.0009909352 scaffold_3
482 64 3 3:197469099 197469099 15 A T 0.238 -0.6440516 0.1764219 8.846638 1e+05 0.0003164188 0.0001532855 0.0002314871 scaffold_3
483 980 3 3:199341450 199341450 11 T G 0.244 0.6270079 0.1864692 5.836847 1e+05 0.0008890343 0.002238557 0.002697709 scaffold_3
487 995 3 3:202838900 202838900 4 T G 0.14 -0.5963116 0.2045983 8.501082 1e+05 0.003873497 0.002263709 0.002725968 scaffold_3
495 481 3 3:208621196 208621196 9 T C 0.062 -0.9491447 0.2966286 7.992672 1e+05 0.001546759 0.001071935 0.001362154 scaffold_3
497 731 3 3:210132461 210132461 21 G A 0.408 -0.5197792 0.1618472 6.726683 1e+05 0.001487132 0.001666938 0.002050279 scaffold_3
498 348 3 3:211065632 211065632 13 A C 0.417 0.4941358 0.1558542 8.467926 1e+05 0.001704841 0.0008102438 0.001052451 scaffold_3
501 37 3 3:212777074 212777074 20 A C 0.133 -1.046761 0.247487 5.414957 1e+05 3.250822e-05 0.0001008322 0.0001590109 scaffold_3
502 204 3 3:214145469 214145469 22 T C 0.105 0.8697467 0.2604883 8.562563 1e+05 0.0009647236 0.0004539338 0.0006189477 scaffold_3
503 653 3 3:214388831 214388831 17 T G 0.133 -0.6947369 0.2231937 7.89274 1e+05 0.002061638 0.001486989 0.001844014 scaffold_3
505 387 3 3:215262646 215262646 23 A G 0.181 0.6414332 0.2088886 9.02011 1e+05 0.002362972 0.000889879 0.001147303 scaffold_3
506 798 3 3:215869037 215869037 7 G T 0.5 0.4073766 0.1500855 10.31755 1e+05 0.007087765 0.001811151 0.00221465 scaffold_3
508 340 3 3:217322636 217322636 14 C T 0.5 -0.4234807 0.1437832 10.81897 1e+05 0.003520154 0.0007846317 0.001021817 scaffold_3
513 347 3 3:219782031 219782031 12 T C 0.398 0.5124134 0.1541637 7.362302 1e+05 0.001016154 0.0007994651 0.001039567 scaffold_3
515 785 3 3:221305195 221305195 2 G A 0.419 -0.732387 0.276212 10.07996 1e+05 0.008506663 0.001791513 0.002192311 scaffold_3
520 517 3 3:223647418 223647418 5 G C 0.178 0.6258852 0.2019168 8.750307 1e+05 0.002150789 0.00116224 0.001467842 scaffold_3
526 257 3 3:226504669 226504669 21 A C 0.094 -1.013697 0.2589364 5.349622 1e+05 0.0001157228 0.0005721955 0.0007648317 scaffold_3
528 937 3 3:227278007 227278007 12 T C 0.024 1.337453 0.4559979 8.460179 1e+05 0.003657305 0.002146695 0.002594349 scaffold_3
549 163 4 4:3250791 3250791 14 G T 0.239 0.6296805 0.1904432 9.012943 1e+05 0.001078766 0.0003623323 0.0005040314 scaffold_4
555 425 4 4:4330228 4330228 15 A C 0.248 -0.4945959 0.1863914 13.62494 1e+05 0.008457881 0.0009646199 0.00123582 scaffold_4
556 717 4 4:4687817 4687817 25 A G 0.356 0.5287366 0.1699721 7.423961 1e+05 0.002075023 0.001641349 0.00202103 scaffold_4
567 813 4 4:9708696 9708696 22 C G 0.23 -0.4998177 0.167687 8.65918 1e+05 0.003149901 0.001846074 0.002254339 scaffold_4
575 909 4 4:11874918 11874918 19 T C 0.415 0.4759632 0.157322 6.943992 1e+05 0.002732844 0.002068055 0.002505675 scaffold_4
580 309 4 4:15219167 15219167 18 G C 0.416 -0.4772498 0.1544796 10.18376 1e+05 0.002224096 0.000679872 0.000895783 scaffold_4
583 863 4 4:18934883 18934883 9 C T 0.018 1.304763 0.4766388 8.723492 1e+05 0.006621289 0.001960895 0.002384542 scaffold_4
590 469 4 4:28122745 28122745 23 A G 0.153 0.6597838 0.1997731 6.635109 1e+05 0.001092625 0.001053816 0.001340883 scaffold_4
591 962 4 4:30129023 30129023 21 A G 0.183 0.651651 0.2081361 6.962691 1e+05 0.001942576 0.002199696 0.002654012 scaffold_4
595 86 4 4:43856405 43856405 12 C A 0.09 -1.229597 0.3308318 7.523377 1e+05 0.0002473534 0.0001950583 0.0002876047 scaffold_4
596 907 4 4:52577837 52577837 5 C T 0.121 -0.7857694 0.2468372 6.835733 1e+05 0.00163369 0.002065092 0.002502331 scaffold_4
599 12 4 4:113878083 113878083 9 C T 0.181 -1.061809 0.2720625 8.127825 1e+05 0.0001212942 4.447349e-05 7.679945e-05 scaffold_4
601 299 4 4:140726408 140726408 9 G A 0.194 0.6632973 0.2009479 8.091195 1e+05 0.00109946 0.000661941 0.0008740827 scaffold_4
606 118 4 4:154515241 154515241 8 A G 0.03 1.604486 0.4477889 7.967379 1e+05 0.000405499 0.0002527928 0.0003635474 scaffold_4
607 396 4 4:155861207 155861207 17 T C 0.207 -0.5814651 0.1857426 8.612917 1e+05 0.001945134 0.0009071453 0.001167794 scaffold_4
609 449 4 4:158099130 158099130 9 T G 0.228 0.6638898 0.207925 7.771765 1e+05 0.001582455 0.001015592 0.001295932 scaffold_4
623 152 4 4:173358870 173358870 14 G A 0.115 0.7692566 0.2443598 11.29364 1e+05 0.001836058 0.0003367996 0.0004716263 scaffold_4
625 390 4 4:174633197 174633197 17 C A 0.434 0.4772302 0.148079 8.094387 1e+05 0.001432052 0.0008961937 0.0011548 scaffold_4
626 349 4 4:174983470 174983470 10 C G 0.38 0.4937092 0.1457725 7.215476 1e+05 0.0008169102 0.0008111164 0.001053494 scaffold_4
627 561 4 4:175765597 175765597 9 C G 0.123 0.7827179 0.2285322 6.129125 1e+05 0.0007147285 0.001274449 0.001598461 scaffold_4
633 194 4 4:180401329 180401329 13 G T 0.403 0.5841404 0.1559927 6.248245 1e+05 0.0002226168 0.0004245451 0.0005822869 scaffold_4
634 721 4 4:180917310 180917310 7 G A 0.106 -0.6490115 0.2164347 8.369434 1e+05 0.002975674 0.001651297 0.002032404 scaffold_4
639 21 4 4:185273027 185273027 19 G C 0.331 -0.6626687 0.1640641 7.029668 1e+05 7.075141e-05 6.527325e-05 0.000107912 scaffold_4
644 879 4 4:188733329 188733329 25 A G 0.47 -0.4625681 0.1503851 7.353107 1e+05 0.00232363 0.001994444 0.002422504 scaffold_4
645 585 4 4:190092030 190092030 6 G T 0.384 -0.5189281 0.1555221 6.284594 1e+05 0.0009721526 0.00133569 0.001669451 scaffold_4
647 316 4 4:192993655 192993655 13 G A 0.052 1.166825 0.3566605 8.117164 1e+05 0.001214922 0.0007127853 0.0009355135 scaffold_4
648 546 4 4:197991602 197991602 19 A G 0.275 -0.4859307 0.1784204 10.30069 1e+05 0.006898394 0.001227517 0.001543919 scaffold_4
651 997 4 4:210638046 210638046 25 T C 0.409 0.4450361 0.1680578 9.877372 1e+05 0.008591007 0.002269148 0.002732077 scaffold_4
652 488 4 4:211265824 211265824 14 A G 0.01 2.203355 0.6824086 7.870639 1e+05 0.001403569 0.00108403 0.001376341 scaffold_4
653 602 4 4:215906705 215906705 22 T C 0.192 -0.6992262 0.2085544 6.668571 1e+05 0.0009197422 0.001370034 0.001709174 scaffold_4
654 117 4 4:221947115 221947115 16 C T 0.324 0.6278439 0.1741544 8.337842 1e+05 0.000374202 0.0002511939 0.0003614651 scaffold_4
656 591 4 4:228989294 228989294 19 G C 0.384 0.5035073 0.1554442 7.306951 1e+05 0.001355493 0.001351674 0.001687946 scaffold_4
658 868 4 4:230887487 230887487 7 C G 0.045 -1.158662 0.3456762 5.989366 1e+05 0.0009224736 0.001974034 0.002399414 scaffold_4
659 370 4 4:231742551 231742551 8 G C 0.247 0.6291061 0.1929214 8.190479 1e+05 0.001259309 0.0008498201 0.001099663 scaffold_4
660 13 4 4:232501111 232501111 22 A G 0.314 -0.5613444 0.1546908 12.57302 1e+05 0.00034297 5.267465e-05 8.921063e-05 scaffold_4
674 968 4 4:237680875 237680875 22 G T 0.251 0.5267079 0.1797281 8.196003 1e+05 0.003685255 0.002210736 0.00266643 scaffold_4
676 826 4 4:238234324 238234324 17 G T 0.357 0.4768423 0.1583407 8.021985 1e+05 0.002856727 0.001873693 0.002285699 scaffold_4
678 515 4 4:238599337 238599337 15 G A 0.234 -0.5294712 0.1718988 8.236957 1e+05 0.002291948 0.001152099 0.001456 scaffold_4
682 928 4 4:239506720 239506720 13 G A 0.446 -0.4626073 0.1589724 7.611019 1e+05 0.003928646 0.002116741 0.002560594 scaffold_4
683 178 4 4:239757834 239757834 10 T C 0.052 1.350513 0.3527356 5.956751 1e+05 0.0001616306 0.0003963085 0.0005468846 scaffold_4
688 693 4 4:241135162 241135162 13 A G 0.425 0.5016997 0.1644887 7.323363 1e+05 0.002525407 0.001590477 0.001962803 scaffold_4
694 421 5 5:1623271 1623271 10 T C 0.129 -0.8438642 0.24227 5.671617 1e+05 0.0005815875 0.0009561218 0.001225779 scaffold_5
695 249 5 5:1820796 1820796 10 C T 0.341 -0.611494 0.1598138 5.561491 1e+05 0.0001631242 0.0005579357 0.0007473659 scaffold_5
696 239 5 5:2144245 2144245 14 C T 0.243 -0.6385265 0.1784392 7.032556 1e+05 0.0004125573 0.0005345084 0.000718602 scaffold_5
703 226 5 5:3488395 3488395 20 T G 0.268 0.6583484 0.1964475 8.306012 1e+05 0.0009243933 0.000510225 0.0006886913 scaffold_5
704 99 5 5:3951939 3951939 13 C T 0.327 -0.5837563 0.1663307 8.930926 1e+05 0.0005290637 0.0002263809 0.000329006 scaffold_5
708 208 5 5:4766934 4766934 14 G A 0.277 0.6182914 0.1795733 7.281048 1e+05 0.0006704406 0.0004647327 0.0006323742 scaffold_5
715 215 5 5:6337866 6337866 16 C T 0.453 -0.4963525 0.1541676 8.14187 1e+05 0.001447707 0.0004772825 0.0006479488 scaffold_5
720 896 5 5:7534157 7534157 25 A G 0.462 0.5360174 0.170908 6.786117 1e+05 0.00190843 0.002049102 0.002484276 scaffold_5
722 956 5 5:8438017 8438017 19 G C 0.281 -0.4477774 0.1688481 8.752042 1e+05 0.008496486 0.0021908 0.002644003 scaffold_5
723 248 5 5:9634623 9634623 11 C T 0.334 0.5467838 0.1588134 6.984781 1e+05 0.0006708753 0.0005555457 0.0007444356 scaffold_5
733 206 5 5:13631860 13631860 5 A G 0.168 -0.7632556 0.2120547 6.426675 1e+05 0.0003821866 0.0004560804 0.0006216185 scaffold_5
737 891 5 5:15201242 15201242 20 T A 0.322 0.4964915 0.1568223 7.095487 1e+05 0.001730712 0.002022027 0.002453689 scaffold_5
738 573 5 5:15731274 15731274 14 C T 0.275 -0.5532491 0.1698807 7.159931 1e+05 0.001277565 0.001308378 0.001637817 scaffold_5
741 76 5 5:18179163 18179163 12 T G 0.384 -0.6000434 0.1562327 6.358145 1e+05 0.0001543249 0.0001799428 0.0002674302 scaffold_5
743 667 5 5:21387630 21387630 9 A G 0.071 0.8933417 0.2874295 8.0234 1e+05 0.002093293 0.001519761 0.001881682 scaffold_5
745 893 5 5:22677509 22677509 21 A G 0.325 -0.5313584 0.1638186 6.56761 1e+05 0.001335427 0.002031301 0.002464168 scaffold_5
749 720 5 5:32866918 32866918 23 A C 0.471 0.5020385 0.1507653 6.145918 1e+05 0.0009950271 0.001649982 0.002030901 scaffold_5
750 501 5 5:34065397 34065397 6 A G 0.075 -1.227016 0.3372953 5.213986 1e+05 0.0003317818 0.001120071 0.001418556 scaffold_5
756 405 5 5:65143819 65143819 6 G A 0.18 -0.6581417 0.1987542 7.272338 1e+05 0.001060672 0.0009227632 0.001186306 scaffold_5
758 162 5 5:70714635 70714635 11 C T 0.02 -2.368005 0.6394597 6.619068 1e+05 0.0002602434 0.0003596046 0.0005005781 scaffold_5
759 711 5 5:76971122 76971122 21 T C 0.115 -0.778768 0.2595274 8.086179 1e+05 0.002956221 0.001632288 0.002010667 scaffold_5
760 256 5 5:83596513 83596513 13 A G 0.058 0.989832 0.3091271 8.048378 1e+05 0.001535203 0.0005710713 0.000763456 scaffold_5
761 869 5 5:90396957 90396957 9 C T 0.089 -0.8454692 0.2608523 6.618968 1e+05 0.001346262 0.001976679 0.002402406 scaffold_5
762 28 5 5:114775843 114775843 19 T C 0.227 0.6793493 0.185084 9.846827 1e+05 0.0002939458 8.875066e-05 0.0001418776 scaffold_5
763 434 5 5:138449943 138449943 6 G A 0.371 0.7236442 0.2287001 7.43642 1e+05 0.001740978 0.0009842086 0.001258945 scaffold_5
764 78 5 5:143709458 143709458 9 G A 0.091 0.9883338 0.2611499 6.276281 1e+05 0.0001913666 0.0001816954 0.0002697764 scaffold_5
765 113 5 5:152471388 152471388 10 T A 0.171 0.6800904 0.1917875 7.88003 1e+05 0.0004639496 0.0002481651 0.0003575175 scaffold_5
766 24 5 5:158857658 158857658 24 C T 0.327 0.6637851 0.1616827 6.62517 1e+05 5.412428e-05 8.194051e-05 0.0001321249 scaffold_5
767 562 5 5:159135798 159135798 14 A G 0.04 -1.246487 0.3853757 7.242105 1e+05 0.001377015 0.001278155 0.001602763 scaffold_5
768 632 5 5:163332634 163332634 8 A G 0.04 -1.026185 0.3388252 8.978502 1e+05 0.002704626 0.001445761 0.001796556 scaffold_5
770 385 5 5:166370165 166370165 21 G C 0.1 -0.9245057 0.2506676 5.269788 1e+05 0.0002752102 0.0008878518 0.001144896 scaffold_5
771 364 5 5:167817896 167817896 16 A G 0.273 0.5822133 0.1711354 7.088574 1e+05 0.0007746052 0.0008432537 0.00109184 scaffold_5
772 767 5 5:168894534 168894534 17 G A 0.453 0.5072806 0.1653875 7.2451 1e+05 0.002389594 0.001756046 0.002151934 scaffold_5
773 312 5 5:170066302 170066302 9 T C 0.153 0.6186168 0.2005141 8.888877 1e+05 0.002254976 0.000695881 0.0009151238 scaffold_5
774 816 5 5:170871091 170871091 22 G A 0.462 0.4356903 0.1503006 7.771802 1e+05 0.004066996 0.001850706 0.0022596 scaffold_5
775 7 5 5:171563817 171563817 8 A G 0.134 0.9113543 0.2108185 6.949142 1e+05 2.197787e-05 2.776016e-05 5.06966e-05 scaffold_5
776 62 5 5:173153823 173153823 23 T C 0.218 -0.6539007 0.1777483 7.814191 1e+05 0.0002849972 0.0001510924 0.0002285072 scaffold_5
777 361 5 5:174452718 174452718 21 A G 0.2 -0.6486884 0.1848333 6.354116 1e+05 0.0005291111 0.0008322814 0.001078759 scaffold_5
778 359 5 5:175100741 175100741 14 T C 0.46 0.4032818 0.1389842 10.65355 1e+05 0.004031423 0.0008243504 0.001069297 scaffold_5
780 981 5 5:178290169 178290169 10 T G 0.398 -0.4205808 0.1516265 8.478165 1e+05 0.005943726 0.00223921 0.002698443 scaffold_5
781 295 5 5:179440045 179440045 8 A C 0.014 2.98377 0.8358463 6.385615 1e+05 0.0004257364 0.0006512063 0.0008610722 scaffold_5
782 973 5 5:179986406 179986406 5 A C 0.242 -0.4707709 0.1669384 8.773274 1e+05 0.005173299 0.002223392 0.002680662 scaffold_5
783 253 5 5:182633439 182633439 21 C T 0.427 -0.5058636 0.1612028 9.121015 1e+05 0.001897404 0.0005636856 0.0007544123 scaffold_5
784 296 5 5:183655785 183655785 23 G T 0.162 -0.7382346 0.2209955 7.771371 1e+05 0.0009594539 0.0006545593 0.0008651376 scaffold_5
786 357 5 5:185463921 185463921 11 T C 0.386 0.5624368 0.1525036 6.109164 1e+05 0.0002753644 0.0008236072 0.00106841 scaffold_5
787 31 5 5:185973708 185973708 25 A G 0.261 -0.7030719 0.1894154 9.125977 1e+05 0.0002519283 9.366982e-05 0.0001488783 scaffold_5
788 986 5 5:187017614 187017614 15 T C 0.441 -0.5405997 0.1498787 4.983587 1e+05 0.0003717194 0.002246238 0.00270634 scaffold_5
790 55 5 5:188977581 188977581 25 T A 0.333 0.5227434 0.1480673 9.798717 1e+05 0.0004908695 0.0001376793 0.0002101964 scaffold_5
791 486 5 5:190247345 190247345 19 G A 0.132 0.7103591 0.2124838 7.304543 1e+05 0.0009507978 0.00108281 0.00137491 scaffold_5
794 235 5 5:194151313 194151313 15 A T 0.163 0.6810102 0.1977694 7.465622 1e+05 0.0006696324 0.0005273902 0.0007098446 scaffold_5
795 158 5 5:195659690 195659690 8 A C 0.249 -0.6602857 0.1788417 6.706552 1e+05 0.0002712951 0.0003562664 0.0004963492 scaffold_5
797 584 5 5:198357081 198357081 7 T G 0.112 0.695599 0.2303863 8.609355 1e+05 0.00278685 0.001333314 0.0016667 scaffold_5
798 404 5 5:198758260 198758260 13 A G 0.234 0.5603464 0.1746347 8.252062 1e+05 0.00150145 0.000921447 0.001184746 scaffold_5
799 551 5 5:200158547 200158547 21 G A 0.471 0.4675687 0.159216 9.661564 1e+05 0.003615712 0.001237318 0.00155532 scaffold_5
800 762 5 5:200964282 200964282 22 A G 0.46 0.4900831 0.165256 8.436947 1e+05 0.003302861 0.001742941 0.002137002 scaffold_5
802 831 5 5:203457030 203457030 14 C T 0.221 -0.5385541 0.18437 8.339269 1e+05 0.003796113 0.001884486 0.002297946 scaffold_5
806 604 5 5:204682867 204682867 13 T A 0.278 0.508587 0.162133 7.772586 1e+05 0.001904945 0.00138083 0.00172165 scaffold_5
807 682 5 5:205424707 205424707 6 T C 0.275 0.4914507 0.1653772 8.833358 1e+05 0.003240129 0.001566757 0.001935617 scaffold_5
809 637 5 5:205885701 205885701 16 C T 0.167 0.68305 0.2260449 8.86015 1e+05 0.002764968 0.001455347 0.001807597 scaffold_5
816 332 5 5:207950131 207950131 12 C T 0.295 -0.6235004 0.1695268 5.935358 1e+05 0.0002859699 0.0007573926 0.000989162 scaffold_5
821 451 5 5:210071340 210071340 17 G A 0.443 0.4988399 0.1565055 8.1835 1e+05 0.001612046 0.00102274 0.001304346 scaffold_5
823 331 5 5:210648127 210648127 21 C T 0.419 0.4637016 0.1536562 9.766089 1e+05 0.002800074 0.0007531782 0.0009841027 scaffold_5
826 484 5 5:211492797 211492797 15 G T 0.38 0.5438994 0.1562476 5.926245 1e+05 0.0005860567 0.001077828 0.001369067 scaffold_5
828 124 5 5:212025798 212025798 16 C T 0.378 -0.5258601 0.1498112 7.730511 1e+05 0.0005280373 0.000265751 0.0003803852 scaffold_5
839 671 5 5:214778858 214778858 9 C A 0.425 -0.4886862 0.1573382 6.98245 1e+05 0.002107518 0.001533599 0.001897574 scaffold_5
845 96 5 5:216700299 216700299 21 A C 0.067 1.099437 0.3070963 8.487982 1e+05 0.0004099989 0.0002233196 0.0003249817 scaffold_5
848 22 6 6:4151872 4151872 19 C A 0.207 0.7577037 0.1833673 6.895496 1e+05 4.855286e-05 7.370503e-05 0.000120227 scaffold_6
855 27 6 6:28175854 28175854 17 A G 0.48 -0.5759421 0.1492139 8.037785 1e+05 0.0001433324 8.679087e-05 0.0001390785 scaffold_6
856 763 6 6:35704797 35704797 24 T C 0.171 -0.7001688 0.217982 6.836201 1e+05 0.001484617 0.001749397 0.002144359 scaffold_6
857 274 6 6:37313006 37313006 25 A G 0.311 -0.4866352 0.1591722 10.48538 1e+05 0.002467357 0.0006072821 0.0008076775 scaffold_6
859 233 6 6:75982876 75982876 3 A T 0.087 -1.126165 0.3313582 6.942253 1e+05 0.0007839514 0.0005261133 0.0007082728 scaffold_6
866 95 6 6:91260298 91260298 12 T C 0.38 0.5707968 0.1643095 9.137079 1e+05 0.0006010616 0.0002200118 0.0003206282 scaffold_6
867 689 6 6:92774281 92774281 24 G A 0.249 0.5234347 0.1736797 7.854868 1e+05 0.002835915 0.001577927 0.001948422 scaffold_6
878 607 6 6:103717096 103717096 6 T C 0.222 -0.620008 0.1815705 6.3042 1e+05 0.0007410434 0.001388198 0.00173016 scaffold_6
880 277 6 6:106343495 106343495 11 A G 0.012 -2.483712 0.6822472 6.146833 1e+05 0.0003285164 0.0006181671 0.0008209338 scaffold_6
881 649 6 6:109255547 109255547 11 G A 0.19 0.624492 0.1958857 6.977466 1e+05 0.001608406 0.001473179 0.001828125 scaffold_6
882 478 6 6:109839369 109839369 26 A G 0.072 -0.9484478 0.2833448 6.61796 1e+05 0.0009370817 0.001068165 0.00135773 scaffold_6
890 880 6 6:114358302 114358302 8 < G 0.269 -0.492803 0.1780276 9.437507 1e+05 0.006045015 0.001998153 0.002426699 scaffold_6
892 281 6 6:118013983 118013983 11 T C 0.428 0.5316396 0.1512044 6.476807 1e+05 0.0005170062 0.0006255516 0.0008299178 scaffold_6
893 247 6 6:121199747 121199747 25 A G 0.271 0.6964914 0.2249434 10.30718 1e+05 0.002174859 0.0005517116 0.0007397326 scaffold_6
894 48 6 6:122976682 122976682 3 A G 0.221 -0.8172754 0.2117795 7.291049 1e+05 0.000143752 0.0001153858 0.0001794015 scaffold_6
896 678 6 6:128824261 128824261 3 T C 0.066 -0.8944222 0.265294 6.238314 1e+05 0.0008619465 0.001557146 0.001924594 scaffold_6
897 783 6 6:129253824 129253824 7 T A 0.469 -0.486034 0.1543481 7.298856 1e+05 0.001830631 0.001785016 0.002184918 scaffold_6
899 159 6 6:131646784 131646784 26 G A 0.011 -2.882584 0.7722089 6.476462 1e+05 0.0002327119 0.0003564051 0.0004965249 scaffold_6
900 483 6 6:132769860 132769860 25 A G 0.417 -0.4669855 0.1498454 7.796022 1e+05 0.002036606 0.001075701 0.001366573 scaffold_6
901 71 6 6:135892523 135892523 2 A G 0.448 0.5427771 0.1475828 7.490955 1e+05 0.0002860837 0.0001735768 0.0002588909 scaffold_6
902 428 6 6:138330537 138330537 15 T G 0.22 0.6720163 0.2051849 7.878809 1e+05 0.001199977 0.0009671682 0.00123883 scaffold_6
903 557 6 6:138936402 138936402 14 G A 0.142 -0.711519 0.2348706 8.73392 1e+05 0.002698138 0.001256861 0.001578036 scaffold_6
906 102 6 6:145058243 145058243 16 C T 0.292 0.5976469 0.1694516 8.392647 1e+05 0.0004970964 0.0002319209 0.0003362773 scaffold_6
908 860 6 6:147330819 147330819 12 T C 0.221 0.6961924 0.2081501 6.008208 1e+05 0.0009457423 0.001949551 0.002371697 scaffold_6
910 35 6 6:149022997 149022997 5 A T 0.348 -0.5776482 0.1519679 8.413628 1e+05 0.0001796404 9.966238e-05 0.0001573606 scaffold_6
912 286 6 6:149865814 149865814 7 T C 0.315 0.5302307 0.1585755 7.619518 1e+05 0.0009488663 0.0006302554 0.0008356365 scaffold_6
914 89 6 6:150946977 150946977 10 A G 0.271 -0.61187 0.1718111 8.212358 1e+05 0.0004390327 0.0002019949 0.0002968183 scaffold_6
915 320 6 6:151647857 151647857 20 T G 0.355 -0.5467035 0.1597975 7.106158 1e+05 0.0007242264 0.0007210045 0.0009454152 scaffold_6
917 542 6 6:153292357 153292357 6 A G 0.086 0.8404997 0.2517949 6.964718 1e+05 0.0009676431 0.001222493 0.001538073 scaffold_6
918 77 6 6:153432845 153432845 23 T C 0.401 0.5630298 0.1522495 8.404965 1e+05 0.0002652179 0.0001800093 0.0002675192 scaffold_6
922 85 6 6:155661913 155661913 8 A G 0.2 0.6938552 0.1892903 8.316092 1e+05 0.0002993804 0.0001946858 0.0002871092 scaffold_6
926 495 6 6:157297424 157297424 19 G A 0.2 0.7535016 0.2279399 7.25721 1e+05 0.00108133 0.001102965 0.001398531 scaffold_6
927 170 6 6:158287692 158287692 14 C T 0.152 -0.7930297 0.2294888 7.82355 1e+05 0.0006413751 0.0003698324 0.0005135164 scaffold_6
935 245 6 6:160528789 160528789 9 A G 0.435 -0.5185704 0.1510016 8.045996 1e+05 0.0006918693 0.000548076 0.000735271 scaffold_6
940 953 6 6:162384929 162384929 18 G T 0.387 0.4515317 0.161004 7.998615 1e+05 0.00542171 0.002183972 0.00263632 scaffold_6
941 815 6 6:162580426 162580426 25 A C 0.108 -0.7976001 0.2507855 7.08699 1e+05 0.001649741 0.001850178 0.002259001 scaffold_6
945 597 6 6:164069681 164069681 15 G A 0.028 1.431195 0.4192222 6.307573 1e+05 0.0007430376 0.001362584 0.001700563 scaffold_6
949 491 6 6:164732941 164732941 9 T C 0.081 -0.9488782 0.2773824 6.182804 1e+05 0.0007252353 0.001091975 0.001385654 scaffold_6
952 613 6 6:165507769 165507769 17 T C 0.1 -0.7764736 0.2665757 8.415953 1e+05 0.003894906 0.001400687 0.001744579 scaffold_6
954 657 6 6:166062904 166062904 19 A G 0.357 0.4469244 0.154371 10.84468 1e+05 0.004113198 0.001496279 0.001854697 scaffold_6
957 44 6 6:167236350 167236350 24 G A 0.295 0.6582781 0.1706216 7.287675 1e+05 0.0001442923 0.0001084743 0.0001697492 scaffold_6
965 70 7 7:1931930 1931930 26 C T 0.221 -0.6216602 0.1848461 11.18251 1e+05 0.0008872015 0.0001722165 0.0002570628 scaffold_7
966 134 7 7:2138597 2138597 6 T C 0.437 -0.5506462 0.1575358 6.489065 1e+05 0.0005567562 0.0002883966 0.0004096548 scaffold_7
970 563 7 7:3006118 3006118 23 A G 0.269 -0.5441646 0.1696931 6.995076 1e+05 0.001511115 0.001286815 0.001612812 scaffold_7
971 411 7 7:3165247 3165247 21 T C 0.4 0.479264 0.1474783 7.129313 1e+05 0.001308011 0.0009401687 0.001206913 scaffold_7
990 220 7 7:7153833 7153833 9 C A 0.127 0.7558119 0.2097874 6.339307 1e+05 0.000377434 0.0004962924 0.0006714839 scaffold_7
992 902 7 7:8069732 8069732 19 T C 0.14 0.6495749 0.214146 6.669575 1e+05 0.002664545 0.002055915 0.00249197 scaffold_7
994 368 7 7:9375893 9375893 14 A T 0.364 -0.4519924 0.1409277 7.991727 1e+05 0.001508559 0.0008482078 0.001097743 scaffold_7
996 49 7 7:10915926 10915926 23 C T 0.057 -1.201954 0.3003916 6.651482 1e+05 8.228014e-05 0.0001154787 0.0001795308 scaffold_7
1001 735 7 7:13855224 13855224 24 T C 0.477 0.4899745 0.1478268 6.297864 1e+05 0.001049158 0.00167635 0.002061031 scaffold_7
1009 254 7 7:40062913 40062913 8 G A 0.336 -0.5920741 0.1665114 7.198952 1e+05 0.0004479436 0.000566649 0.000758042 scaffold_7
1010 30 7 7:88757975 88757975 13 T C 0.488 -0.5881056 0.1551421 8.568989 1e+05 0.0001868906 9.207902e-05 0.0001466182 scaffold_7
1011 2 7 7:101930609 101930609 11 T G 0.226 0.7738053 0.1733316 9.100596 1e+05 1.19979e-05 5.159674e-06 1.175808e-05 scaffold_7
1012 450 7 7:105643284 105643284 17 C T 0.314 -0.5173371 0.1653726 8.135593 1e+05 0.001959052 0.001020367 0.001301553 scaffold_7
1015 729 7 7:112905406 112905406 12 C T 0.466 -0.4344011 0.1542012 9.208885 1e+05 0.005219151 0.001665246 0.002048346 scaffold_7
1017 934 7 7:117624260 117624260 16 A G 0.31 0.4989114 0.1558238 6.881967 1e+05 0.001536515 0.002132463 0.002578314 scaffold_7
1020 250 7 7:124301717 124301717 16 A G 0.29 -0.4847192 0.1538249 8.238242 1e+05 0.00181763 0.0005597156 0.0007495478 scaffold_7
1023 59 7 7:128004527 128004527 15 A G 0.445 -0.5540585 0.1521335 7.961181 1e+05 0.0003267784 0.0001460881 0.000221693 scaffold_7
1024 627 7 7:128454420 128454420 25 A G 0.373 0.4737079 0.1576606 8.490091 1e+05 0.002919963 0.001431613 0.001780251 scaffold_7
1026 471 7 7:131066246 131066246 9 G A 0.149 -0.6907082 0.2283422 9.790765 1e+05 0.002737428 0.001057201 0.001344858 scaffold_7
1029 14 7 7:133414970 133414970 14 C G 0.182 0.8111589 0.2026535 7.653814 1e+05 8.182375e-05 5.310279e-05 8.985293e-05 scaffold_7
1030 1 7 7:133563296 133563296 15 T C 0.315 0.7222662 0.1662513 11.36991 1e+05 2.006543e-05 4.125177e-06 9.705901e-06 scaffold_7
1032 91 7 7:135928776 135928776 16 T C 0.251 0.6557578 0.1789499 7.136471 1e+05 0.0003005882 0.0002067906 0.0003031726 scaffold_7
1033 280 7 7:137756287 137756287 22 T A 0.312 0.5299465 0.1574277 7.506919 1e+05 0.0008775158 0.0006242112 0.0008282876 scaffold_7
1035 160 7 7:141690976 141690976 23 A C 0.303 0.6464517 0.1925391 9.089405 1e+05 0.0009046383 0.0003576834 0.0004981447 scaffold_7
1039 447 7 7:145583525 145583525 8 A G 0.3 0.5287548 0.1677467 7.541782 1e+05 0.001811693 0.001012705 0.001292532 scaffold_7
1047 549 7 7:154310911 154310911 18 C T 0.15 -0.6888002 0.2089125 7.258986 1e+05 0.001113702 0.001234129 0.001551611 scaffold_7
1048 944 7 7:155408503 155408503 19 T C 0.229 0.5261848 0.1806476 8.292822 1e+05 0.003894915 0.002156903 0.002605846 scaffold_7
1052 259 7 7:158072373 158072373 18 T C 0.041 1.315088 0.3699442 6.908549 1e+05 0.0004494549 0.0005749316 0.0007681795 scaffold_7
1070 884 7 7:166788397 166788397 23 T C 0.244 0.5154327 0.1879906 9.34709 1e+05 0.006536236 0.002008314 0.002438188 scaffold_7
1073 119 7 7:167975677 167975677 19 C G 0.275 -0.648796 0.1700553 6.611129 1e+05 0.0001702116 0.0002549291 0.000366328 scaffold_7
1078 556 7 7:170409782 170409782 14 A T 0.399 -0.5598226 0.1599117 6.170381 1e+05 0.0005459977 0.001251614 0.001571939 scaffold_7
1080 148 7 7:171017734 171017734 21 G A 0.223 0.8864133 0.2417122 7.333761 1e+05 0.0002975359 0.0003260387 0.0004579128 scaffold_7
1081 317 7 7:171390712 171390712 9 G T 0.44 -0.5641771 0.1599018 6.701935 1e+05 0.0004947299 0.0007189133 0.0009428967 scaffold_7
1095 768 7 7:175490281 175490281 11 G C 0.058 -0.8655651 0.307969 9.356273 1e+05 0.005323268 0.001756242 0.002152157 scaffold_7
1101 418 8 8:1144099 1144099 19 T G 0.302 -0.4842232 0.1548913 9.302309 1e+05 0.001972579 0.0009527025 0.001221737 scaffold_8
1106 287 8 8:3044231 3044231 6 A G 0.184 -0.6586819 0.1900111 6.888627 1e+05 0.0006170211 0.0006304711 0.0008358987 scaffold_8
1110 431 8 8:4456643 4456643 10 A T 0.442 -0.4697517 0.1517747 8.912088 1e+05 0.002183623 0.0009755279 0.001248701 scaffold_8
1111 728 8 8:4620695 4620695 16 T C 0.359 -0.4363356 0.151937 8.795744 1e+05 0.004418859 0.001662788 0.002045538 scaffold_8
1116 587 8 8:6023936 6023936 23 T C 0.479 0.4592676 0.1466247 7.259828 1e+05 0.001933822 0.0013387 0.001672934 scaffold_8
1117 313 8 8:6584942 6584942 21 A C 0.188 0.6995877 0.1973875 6.609443 1e+05 0.000467027 0.0007001615 0.00092029 scaffold_8
1125 174 8 8:10285999 10285999 14 A T 0.081 -0.9519064 0.2641402 7.191193 1e+05 0.0003759982 0.0003895907 0.0005384345 scaffold_8
1131 938 8 8:12672035 12672035 7 G A 0.431 -0.4058794 0.1449468 9.404488 1e+05 0.005491944 0.002149247 0.002597223 scaffold_8
1134 468 8 8:13806268 13806268 16 G A 0.145 0.7077542 0.2162956 7.296382 1e+05 0.001212315 0.001053471 0.001340477 scaffold_8
1136 531 8 8:14845256 14845256 3 C T 0.329 -0.4993963 0.1584962 8.167161 1e+05 0.001819247 0.001192304 0.001502913 scaffold_8
1138 54 8 8:16431592 16431592 14 C T 0.405 -0.5175921 0.1447192 9.20027 1e+05 0.0004153781 0.000131048 0.0002010865 scaffold_8
1142 236 8 8:19128648 19128648 23 G A 0.424 0.464381 0.1484271 10.58974 1e+05 0.001956698 0.0005294105 0.0007123311 scaffold_8
1146 726 8 8:21995414 21995414 14 T G 0.02 -1.264278 0.4362723 9.756953 1e+05 0.0040781 0.001660147 0.002042519 scaffold_8
1148 10 8 8:23086981 23086981 14 G A 0.425 0.6981202 0.1570508 6.059687 1e+05 1.30328e-05 3.184165e-05 5.719524e-05 scaffold_8
1150 267 8 8:34895682 34895682 19 G T 0.298 0.5491597 0.1664404 8.686441 1e+05 0.001104753 0.0005952138 0.0007929605 scaffold_8
1151 582 8 8:66177853 66177853 11 A G 0.246 -0.4914292 0.163627 8.165863 1e+05 0.002931616 0.00132994 0.001662794 scaffold_8
1152 29 8 8:71153163 71153163 20 C A 0.023 -1.545456 0.4037277 8.471796 1e+05 0.0001620773 9.169517e-05 0.0001460723 scaffold_8
1153 58 8 8:83390610 83390610 16 G A 0.18 -0.7196581 0.1916946 7.92217 1e+05 0.0002147411 0.0001438244 0.000218604 scaffold_8
1154 93 8 8:84116434 84116434 23 T G 0.179 -0.72038 0.1976077 7.767965 1e+05 0.0003224792 0.0002184114 0.0003185201 scaffold_8
1156 33 8 8:100263024 100263024 16 T C 0.208 0.8266516 0.1940011 5.198416 1e+05 2.850683e-05 9.702858e-05 0.0001536385 scaffold_8
1157 142 8 8:102219514 102219514 20 C T 0.396 0.5353607 0.1638509 11.3534 1e+05 0.001232212 0.0003105922 0.0004381661 scaffold_8
1160 797 8 8:111229834 111229834 13 T C 0.492 -0.4410876 0.1591454 9.41758 1e+05 0.005982738 0.001809211 0.002212443 scaffold_8
1161 749 8 8:116384329 116384329 22 C G 0.159 0.647403 0.2048074 7.382544 1e+05 0.001759077 0.001711761 0.002101451 scaffold_8
1164 437 8 8:121587131 121587131 12 C T 0.263 -0.5189729 0.1743267 8.576838 1e+05 0.003186305 0.0009873612 0.001262664 scaffold_8
1167 237 8 8:130032319 130032319 11 T C 0.316 0.5186245 0.1564734 8.264752 1e+05 0.001049375 0.0005299148 0.0007129515 scaffold_8
1169 52 8 8:138020171 138020171 18 A G 0.237 -0.6118177 0.1660719 8.028691 1e+05 0.0002794727 0.000123922 0.0001912508 scaffold_8
1176 111 8 8:148973688 148973688 13 T C 0.413 0.5545611 0.1567305 7.720565 1e+05 0.000477134 0.0002459579 0.0003546382 scaffold_8
1178 19 8 8:151230022 151230022 25 A G 0.485 -0.5499026 0.1444215 8.446862 1e+05 0.0001752277 6.176489e-05 0.0001027432 scaffold_8
1180 467 8 8:154567186 154567186 20 A G 0.359 0.5494053 0.1621368 6.871722 1e+05 0.0008121311 0.001052934 0.001339846 scaffold_8
1181 41 8 8:156418491 156418491 9 C T 0.151 0.7773673 0.2097084 8.883482 1e+05 0.0002566027 0.000106504 0.0001669875 scaffold_8
1186 26 8 8:160415052 160415052 6 T C 0.059 1.258006 0.3228081 8.078218 1e+05 0.0001240417 8.588898e-05 0.0001377883 scaffold_8
1189 605 8 8:162391667 162391667 25 C A 0.314 -0.5955543 0.1745749 6.10075 1e+05 0.0007495212 0.001387427 0.001729269 scaffold_8
1192 675 8 8:164075460 164075460 12 T A 0.036 1.073474 0.3753292 10.03073 1e+05 0.004580406 0.00154126 0.001906367 scaffold_8
1193 181 8 8:164449227 164449227 10 T C 0.247 0.6518698 0.1884549 7.607729 1e+05 0.0006337178 0.0004046195 0.0005573238 scaffold_8
1211 954 8 8:169681462 169681462 15 C T 0.285 0.6400285 0.1800704 5.097688 1e+05 0.0004502758 0.002188577 0.002641502 scaffold_8
1221 970 8 8:171797192 171797192 9 A G 0.067 -0.9337488 0.2982549 6.688625 1e+05 0.001943732 0.002216336 0.002672727 scaffold_8
1226 224 8 8:172964562 172964562 6 C G 0.069 0.9539198 0.2821824 8.08427 1e+05 0.0008351646 0.0005056069 0.0006829916 scaffold_8
1227 603 8 8:173267760 173267760 15 A C 0.02 -1.581999 0.5251488 9.137169 1e+05 0.002847803 0.001372831 0.001712407 scaffold_8
1238 79 9 9:958555 958555 4 C T 0.235 0.6529709 0.1838862 9.51178 1e+05 0.0004558139 0.0001818533 0.0002699877 scaffold_9
1239 959 9 9:1325956 1325956 8 C T 0.385 0.4703071 0.1636739 8.632082 1e+05 0.004396949 0.002197907 0.002652 scaffold_9
1241 406 9 9:2213905 2213905 3 T C 0.291 -0.5663253 0.1656648 6.885238 1e+05 0.0007312012 0.000926119 0.001190281 scaffold_9
1250 474 9 9:5783175 5783175 17 C T 0.311 0.4673171 0.1677814 11.84795 1e+05 0.005743302 0.001059167 0.001347167 scaffold_9
1256 930 9 9:8128368 8128368 21 A G 0.231 -0.5199096 0.191135 9.577531 1e+05 0.006967664 0.002118097 0.002562123 scaffold_9
1263 56 9 9:11081423 11081423 19 G A 0.147 -0.8528223 0.2188384 6.80639 1e+05 0.0001240549 0.0001429021 0.0002173441 scaffold_9
1264 69 9 9:11514756 11514756 20 G A 0.344 0.5765379 0.1561103 8.074498 1e+05 0.0002701497 0.0001706447 0.0002549489 scaffold_9
1270 497 9 9:14544125 14544125 7 A G 0.48 -0.5607806 0.1819419 8.430898 1e+05 0.00227669 0.001106096 0.001402198 scaffold_9
1272 205 9 9:15586358 15586358 5 G T 0.365 -0.6061138 0.1642893 6.244347 1e+05 0.0002740487 0.0004554247 0.0006208028 scaffold_9
1288 131 9 9:26191905 26191905 12 A G 0.171 -0.7588663 0.20137 6.696437 1e+05 0.0002033926 0.0002813661 0.0004005882 scaffold_9
1289 45 9 9:26596642 26596642 9 G T 0.202 0.8179354 0.1931596 5.639241 1e+05 3.184609e-05 0.0001103284 0.0001723439 scaffold_9
1290 146 9 9:28404007 28404007 8 C T 0.138 -0.8146682 0.2370915 7.558468 1e+05 0.000687277 0.0003234216 0.0004545723 scaffold_9
1291 127 9 9:68236420 68236420 15 T G 0.175 -0.7283096 0.21178 8.946696 1e+05 0.0006802802 0.0002753541 0.0003928207 scaffold_9
1292 3 9 9:93079233 93079233 23 G A 0.408 0.6693917 0.159546 9.179063 1e+05 3.741888e-05 1.165651e-05 2.37624e-05 scaffold_9
1293 17 9 9:95184963 95184963 13 A G 0.429 -0.6171388 0.1599876 8.269784 1e+05 0.0001446833 5.71868e-05 9.595451e-05 scaffold_9
1294 342 9 9:99441596 99441596 22 C T 0.236 0.5693126 0.1828883 7.788769 1e+05 0.002060362 0.0007854633 0.001022812 scaffold_9
1295 275 9 9:103088950 103088950 6 T C 0.325 0.5974913 0.1686596 6.972821 1e+05 0.0004698178 0.0006114808 0.0008127929 scaffold_9
1296 989 9 9:104355706 104355706 12 C T 0.269 0.5434532 0.167851 6.623766 1e+05 0.001362084 0.002249512 0.002710019 scaffold_9
1297 819 9 9:105889755 105889755 9 C T 0.079 -0.9074546 0.286085 6.979213 1e+05 0.001696528 0.001854218 0.002263589 scaffold_9
1298 852 9 9:111087527 111087527 8 G C 0.413 0.4830391 0.1549394 6.778747 1e+05 0.002028961 0.00192109 0.002339454 scaffold_9
1299 135 9 9:111272753 111272753 10 A G 0.096 -1.026172 0.2693066 6.244372 1e+05 0.0001733595 0.0002921491 0.0004144869 scaffold_9
1301 570 9 9:116119225 116119225 12 T C 0.231 -0.7674758 0.2028578 4.966304 5.656939 0.0001922618 0.001297599 0.00164534 scaffold_9
1304 963 9 9:123084019 123084019 24 C G 0.35 -0.509345 0.1525036 6.11909 1e+05 0.0009614717 0.002200347 0.002654744 scaffold_9
1306 691 9 9:127200704 127200704 20 A G 0.141 -0.6630992 0.2264176 8.284083 1e+05 0.003707404 0.001580419 0.001951278 scaffold_9
1307 141 9 9:128726242 128726242 13 T C 0.204 -0.6730632 0.1846335 7.09542 1e+05 0.0003226046 0.0003071938 0.0004338113 scaffold_9
1308 621 9 9:131633080 131633080 23 A C 0.265 -0.5512731 0.1802378 7.231743 1e+05 0.002457054 0.001426147 0.00177395 scaffold_9
1314 648 9 9:137665978 137665978 5 T C 0.213 0.5713409 0.1805808 7.546104 1e+05 0.001742446 0.001471973 0.001826738 scaffold_9
1315 854 9 9:137994540 137994540 23 T C 0.443 0.4439283 0.1586816 9.027659 1e+05 0.005534864 0.001929208 0.002348654 scaffold_9
1321 234 9 9:141588076 141588076 21 C T 0.396 0.516125 0.1514654 8.061996 1e+05 0.0007598681 0.0005271946 0.0007096039 scaffold_9
1323 408 9 9:142291779 142291779 25 G A 0.256 -0.562129 0.1700751 7.040443 1e+05 0.001083264 0.0009338005 0.001199376 scaffold_9
1377 977 10 10:2989256 2989256 4 C G 0.372 -0.5249376 0.1886728 9.640512 1e+05 0.005795248 0.002228892 0.002686845 scaffold_10
1384 622 10 10:4689663 4689663 9 T G 0.137 -0.738742 0.2189634 5.596381 1e+05 0.0008548505 0.001426312 0.00177414 scaffold_10
1393 464 10 10:6050599 6050599 14 G A 0.162 -0.6992387 0.1947488 6.072021 1e+05 0.0003947871 0.001049835 0.001336206 scaffold_10
1397 72 10 10:7080276 7080276 22 < G 0.157 -0.8258319 0.2200412 6.755684 1e+05 0.0002156472 0.000176579 0.0002629213 scaffold_10
1399 904 10 10:8714679 8714679 8 T C 0.032 -1.393438 0.4398653 7.172608 1e+05 0.001719728 0.002056321 0.002492428 scaffold_10
1406 686 10 10:14131930 14131930 24 A C 0.297 0.4759736 0.1643374 9.661445 1e+05 0.004098157 0.001576537 0.001946829 scaffold_10
1409 371 10 10:19384383 19384383 15 A G 0.106 -1.035954 0.2875092 5.741091 1e+05 0.0003768116 0.0008555522 0.001106489 scaffold_10
1410 15 10 10:25085736 25085736 3 A G 0.048 1.266448 0.328007 8.392686 1e+05 0.0001426707 5.443236e-05 9.18443e-05 scaffold_10
1411 150 10 10:39641418 39641418 12 T C 0.177 0.861013 0.2265925 6.343475 1e+05 0.0001805278 0.0003339896 0.0004680487 scaffold_10
1412 138 10 10:68997314 68997314 8 G A 0.364 -0.5544131 0.1603381 8.271432 1e+05 0.0006365289 0.0003002936 0.0004249578 scaffold_10
1415 539 10 10:84062925 84062925 21 T C 0.219 0.6180612 0.1861546 6.93721 1e+05 0.001029071 0.001220416 0.001535656 scaffold_10
1416 240 10 10:88413020 88413020 18 C T 0.496 -0.5473099 0.1477382 6.059255 1e+05 0.0002588264 0.0005381844 0.0007231213 scaffold_10
1417 264 10 10:95777585 95777585 22 A G 0.238 0.5916713 0.1861805 9.197498 1e+05 0.001663283 0.0005904313 0.0007871227 scaffold_10
1419 68 10 10:108120839 108120839 13 A G 0.476 0.6276871 0.1579615 6.422402 1e+05 9.181162e-05 0.0001638051 0.0002457307 scaffold_10
1420 577 10 10:113849438 113849438 8 A C 0.107 -0.7671866 0.2441556 7.900086 1e+05 0.001871719 0.00132064 0.001652024 scaffold_10
1422 242 10 10:119925032 119925032 8 A G 0.18 -0.6677618 0.1974302 7.977742 1e+05 0.0008300585 0.0005400234 0.0007253813 scaffold_10
1423 36 10 10:121526361 121526361 13 G A 0.188 -0.6826192 0.188047 9.072584 1e+05 0.0003414173 0.0001001691 0.0001580757 scaffold_10
1424 574 10 10:124779506 124779506 24 G A 0.049 1.204029 0.3701298 7.133472 1e+05 0.001293663 0.001309425 0.001639029 scaffold_10
1425 399 10 10:126053239 126053239 9 T C 0.079 -0.9658368 0.2778152 6.320959 1e+05 0.0005954543 0.0009129123 0.001174632 scaffold_10
1426 139 10 10:127884174 127884174 16 G T 0.341 0.5744828 0.1663889 8.551604 1e+05 0.0006481939 0.0003007472 0.0004255403 scaffold_10
1445 519 10 10:140504198 140504198 6 C G 0.453 0.4487406 0.1499848 9.532805 1e+05 0.003039888 0.0011695 0.001476317 scaffold_10
1460 684 10 10:145549506 145549506 25 G A 0.299 0.5577683 0.1700369 6.514362 1e+05 0.001179331 0.001570021 0.001939359 scaffold_10
