5 912 1 1:2042109 2042109 11 A G 0.225 -8.029728 2.614511 1.805409 1.936596 0.002361731 0.002449877 0.003081908 scaffold_1
10 589 1 1:4445439 4445439 11 C T 0.267 -8.183427 2.558722 1.907851 2.059115 0.001556746 0.001542026 0.001939696 scaffold_1
30 205 1 1:12343352 12343352 10 A G 0.466 8.196003 2.360697 2.320962 2.513061 0.0006065623 0.0005641602 0.0007726044 scaffold_1
31 794 1 1:12984232 12984232 22 T A 0.15 -10.40253 3.356595 1.934023 2.092231 0.002157479 0.002122356 0.002600367 scaffold_1
35 227 1 1:14894675 14894675 14 G A 0.348 8.475143 2.457962 2.282957 2.464617 0.0006600306 0.0006137288 0.0008297771 scaffold_1
45 69 1 1:22745969 22745969 21 C G 0.143 -13.41762 3.472241 1.439004 1.532496 0.0001412799 0.0001915854 0.0003604111 scaffold_1
46 700 1 1:24006345 24006345 9 T G 0.221 9.170873 2.917672 1.911181 2.072001 0.00186785 0.001849346 0.002291534 scaffold_1
48 275 1 1:25623719 25623719 14 G C 0.49 -7.463063 2.185885 1.940974 2.088745 0.0007435725 0.0007233251 0.0009620975 scaffold_1
49 701 1 1:26676437 26676437 25 A G 0.38 -7.518846 2.389946 1.879721 2.038788 0.001850629 0.001852617 0.002306666 scaffold_1
53 632 1 1:29156136 29156136 17 G A 0.465 7.004656 2.215415 2.506445 2.767262 0.001756998 0.001673278 0.002201993 scaffold_1
54 327 1 1:30297501 30297501 10 T C 0.181 9.865441 2.840455 1.408768 1.509265 0.0006036951 0.000864716 0.001475461 scaffold_1
55 9 1 1:30537580 30537580 8 T C 0.484 9.703729 2.236525 1.828675 1.977993 2.063714e-05 2.020138e-05 3.968713e-05 scaffold_1
59 326 1 1:35056769 35056769 10 A G 0.169 10.30796 3.071251 2.093734 2.287444 0.0009099714 0.00085608 0.001110584 scaffold_1
60 601 1 1:35747543 35747543 10 G A 0.329 -7.351624 2.298797 1.833332 1.993486 0.001557865 0.001585621 0.002012246 scaffold_1
63 5 1 1:40130373 40130373 22 A G 0.186 13.46558 2.988358 2.282716 2.489 1.005325e-05 8.976708e-06 1.938863e-05 scaffold_1
68 125 1 1:47391925 47391925 12 G A 0.28 10.48587 2.843721 1.517629 1.631525 0.0002766488 0.0003460063 0.0005690919 scaffold_1
71 461 1 1:51399786 51399786 13 G A 0.206 -9.250542 2.842425 2.255626 2.469305 0.00128911 0.00120347 0.00153877 scaffold_1
74 389 1 1:54188894 54188894 20 G C 0.046 17.51615 5.30096 2.036463 2.186488 0.001088039 0.001038984 0.001329644 scaffold_1
76 577 1 1:58504540 58504540 11 C T 0.453 -7.389248 2.282201 1.685852 1.801526 0.001363711 0.001508674 0.002061953 scaffold_1
77 107 1 1:60167346 60167346 12 C T 0.504 8.550695 2.341575 2.17243 2.401796 0.0003158707 0.0002915408 0.00041744 scaffold_1
79 94 1 1:66586839 66586839 17 T C 0.191 10.86305 2.949293 2.240613 2.464355 0.0002809128 0.0002584137 0.0003765194 scaffold_1
82 310 1 1:71226642 71226642 13 T C 0.21 9.685091 2.871403 2.022309 2.175548 0.0008588269 0.00081989 0.001069926 scaffold_1
83 209 1 1:74419686 74419686 21 A G 0.198 10.42247 2.99849 1.96521 2.146882 0.0005978875 0.000575242 0.0007741478 scaffold_1
90 355 1 1:88002440 88002440 9 G A 0.217 -9.977096 2.946833 1.643352 1.759789 0.0008215301 0.0009319573 0.001330672 scaffold_1
92 308 1 1:98172632 98172632 15 T A 0.399 -8.393492 2.492939 2.339545 2.542722 0.0008770388 0.0008182536 0.001091663 scaffold_1
94 160 1 1:120286040 120286040 19 G T 0.492 -8.623147 2.431503 2.00174 2.160074 0.0004642399 0.0004426959 0.0006091036 scaffold_1
96 77 1 1:158492374 158492374 17 T G 0.201 10.52844 2.816253 2.255109 2.473008 0.0002284314 0.0002099047 0.0003123206 scaffold_1
97 73 1 1:164507222 164507222 13 G A 0.41 -9.290092 2.45737 1.758966 1.879421 0.0001948118 0.0002020919 0.0003163799 scaffold_1
98 883 1 1:170595794 170595794 25 G A 0.011 36.29602 11.85865 2.012992 2.15138 0.002443038 0.002364093 0.002857539 scaffold_1
100 592 1 1:175251196 175251196 11 T C 0.206 -8.671774 2.724494 2.075379 2.248452 0.001638332 0.001556801 0.001928873 scaffold_1
113 903 1 1:195182987 195182987 18 C T 0.244 -8.415557 2.753615 1.966689 2.120014 0.002478951 0.002423165 0.002931147 scaffold_1
114 3 1 1:196194699 196194699 10 A G 0.036 25.86918 5.669914 1.945979 2.086304 7.846883e-06 7.307335e-06 1.617423e-05 scaffold_1
115 236 1 1:196726947 196726947 6 A G 0.482 9.138069 2.646407 1.96874 2.128758 0.0006485156 0.0006253305 0.0008370544 scaffold_1
117 503 1 1:199103118 199103118 8 G A 0.334 -8.078476 2.499619 2.039789 2.197659 0.001390995 0.0013294 0.00166865 scaffold_1
118 982 1 1:199442072 199442072 13 G A 0.133 11.83574 3.896767 1.914617 2.074105 0.002633608 0.00261262 0.003162602 scaffold_1
122 556 1 1:205175069 205175069 12 A G 0.494 -7.274334 2.26586 2.017827 2.191006 0.00149482 0.001433741 0.00178991 scaffold_1
127 345 1 1:210888995 210888995 9 G C 0.392 -8.510457 2.536065 1.892592 2.03909 0.0009115492 0.000903244 0.001187598 scaffold_1
129 703 1 1:213201170 213201170 8 G C 0.302 -7.903982 2.525707 2.459023 2.691271 0.001954415 0.001854687 0.002388889 scaffold_1
131 579 1 1:214896662 214896662 13 A G 0.269 8.984918 2.819003 2.40726 2.621062 0.001614689 0.001522562 0.001962671 scaffold_1
133 604 1 1:217516138 217516138 6 T A 0.111 12.90167 4.021129 1.757668 1.900361 0.001504533 0.001590914 0.002071043 scaffold_1
134 430 1 1:221034900 221034900 8 A G 0.042 -17.38411 5.296027 1.981386 2.12863 0.00117225 0.001133368 0.001447497 scaffold_1
135 13 1 1:222177774 222177774 5 C A 0.022 32.86613 7.818587 2.470519 2.714347 3.63344e-05 3.32425e-05 6.299298e-05 scaffold_1
137 953 1 1:224156219 224156219 21 C T 0.19 -8.676533 2.862448 2.177516 2.36337 0.002686059 0.002532839 0.003044613 scaffold_1
143 861 1 1:232366159 232366159 16 T C 0.283 -8.018625 2.535527 1.491042 1.5925 0.001752777 0.002308769 0.003437945 scaffold_1
145 520 1 1:237522652 237522652 20 A T 0.145 11.41244 3.543392 2.075711 2.27798 0.001443876 0.001366126 0.001709086 scaffold_1
147 99 1 1:241892069 241892069 8 T C 0.128 -12.29385 3.338528 2.095717 2.255567 0.0002818096 0.0002630942 0.0003784503 scaffold_1
148 784 1 1:242970599 242970599 6 A T 0.381 -7.268204 2.348392 2.072346 2.242063 0.002186857 0.002085134 0.00253067 scaffold_1
150 923 1 1:247507475 247507475 18 G C 0.369 -7.479639 2.438608 1.816528 1.954879 0.002392732 0.00246987 0.003075201 scaffold_1
151 144 1 1:248343831 248343831 10 A G 0.198 10.30634 2.871331 1.824195 1.977652 0.0003971381 0.0004006074 0.0005703163 scaffold_1
155 328 1 1:254460661 254460661 11 C G 0.476 7.818906 2.324058 1.927271 2.084748 0.0008848999 0.000865782 0.001133973 scaffold_1
158 930 1 1:257471436 257471436 17 C T 0.309 -7.721434 2.535699 2.000532 2.14885 0.002568882 0.002490745 0.003000648 scaffold_1
161 416 1 1:260959231 260959231 15 C T 0.471 7.492911 2.283196 2.226196 2.427169 0.001175109 0.001097351 0.001407358 scaffold_1
162 678 1 1:260990034 260990034 11 A G 0.468 7.170528 2.285115 2.177455 2.366957 0.001900583 0.001787604 0.002200752 scaffold_1
166 613 1 1:267975057 267975057 12 C T 0.083 14.68243 4.595923 1.833377 1.971288 0.001575447 0.001607821 0.002051724 scaffold_1
169 219 1 1:271976901 271976901 21 A C 0.259 10.06627 2.891844 1.841049 1.982303 0.0005873173 0.000591244 0.0008139931 scaffold_1
172 140 1 1:275448695 275448695 9 T C 0.327 -8.691196 2.429124 2.073947 2.232942 0.0004141152 0.0003889983 0.0005397699 scaffold_1
173 845 1 1:276185602 276185602 8 A G 0.306 -7.638929 2.431795 1.578466 1.706902 0.001879821 0.00226661 0.003097645 scaffold_1
174 824 1 1:276761132 276761132 24 A C 0.19 9.072401 2.948911 2.083764 2.241482 0.002321561 0.002212467 0.002674352 scaffold_1
175 739 1 1:278579646 278579646 16 C T 0.281 8.055142 2.590291 2.086436 2.276872 0.002084201 0.00197807 0.002409506 scaffold_1
176 858 1 1:279489439 279489439 21 T C 0.173 -9.044986 2.953003 2.106693 2.282466 0.002425322 0.002302476 0.002775763 scaffold_1
178 203 1 1:280369880 280369880 19 A G 0.1 16.05379 4.599158 1.934084 2.084041 0.0005673899 0.0005519685 0.0007508111 scaffold_1
181 523 1 1:281774744 281774744 20 C T 0.422 7.907256 2.450547 1.98093 2.153968 0.001415272 0.001368557 0.001718007 scaffold_1
182 364 1 1:283262329 283262329 11 T G 0.016 26.83025 8.066098 2.000473 2.181098 0.00100911 0.0009658783 0.001243499 scaffold_1
194 548 1 1:292003234 292003234 16 A G 0.345 7.579405 2.360155 2.035755 2.212324 0.001489859 0.001423002 0.001776027 scaffold_1
211 241 1 1:301218192 301218192 24 T C 0.049 -17.42849 5.054885 1.934738 2.075795 0.0006604642 0.0006434879 0.0008659632 scaffold_1
221 449 2 2:2479780 2479780 19 G A 0.303 8.318949 2.549636 2.153556 2.355108 0.001253234 0.001174778 0.001490414 scaffold_2
241 374 2 2:9009713 9009713 9 C G 0.137 -11.88297 3.573019 1.908449 2.047596 0.001011011 0.0009982413 0.00130072 scaffold_2
246 622 2 2:10789364 10789364 24 C T 0.107 12.63836 3.988637 2.009323 2.180699 0.001717876 0.001653709 0.00204411 scaffold_2
251 456 2 2:12458291 12458291 13 G A 0.267 -9.056525 2.756071 2.878874 3.209616 0.001158186 0.001193586 0.001838694 scaffold_2
256 188 2 2:15139960 15139960 5 G T 0.196 -11.12276 3.17745 2.565024 2.814545 0.0005475867 0.0005216082 0.0007628691 scaffold_2
263 441 2 2:18417244 18417244 22 C T 0.112 -11.78411 3.586328 1.879139 2.021223 0.00115891 0.001156819 0.001497903 scaffold_2
264 280 2 2:19439876 19439876 5 G A 0.119 11.8259 3.44939 1.757003 1.882874 0.0007073766 0.0007438561 0.001034306 scaffold_2
272 226 2 2:25425498 25425498 18 C T 0.473 7.967979 2.291266 1.801419 1.934233 0.0005944134 0.0006094773 0.0008484983 scaffold_2
273 544 2 2:27119004 27119004 6 A G 0.19 -9.205363 2.86703 2.136699 2.298422 0.001493023 0.001408359 0.00175871 scaffold_2
277 885 2 2:30158585 30158585 19 C T 0.289 7.68797 2.504837 1.902868 2.049658 0.002376773 0.002367875 0.00289768 scaffold_2
282 683 2 2:39656091 39656091 11 T A 0.215 8.99911 2.871092 2.20242 2.379106 0.001922815 0.001807286 0.00222629 scaffold_2
283 145 2 2:40055588 40055588 11 G A 0.393 8.569738 2.400434 2.477731 2.677587 0.00042609 0.0004006722 0.0005844773 scaffold_2
284 981 2 2:44071007 44071007 15 G A 0.078 13.36428 4.39558 1.892372 2.042642 0.002607879 0.002609762 0.003174623 scaffold_2
285 174 2 2:44680173 44680173 21 G A 0.477 -8.197327 2.334128 2.183766 2.38325 0.0005256387 0.0004879524 0.0006664492 scaffold_2
286 15 2 2:48736884 48736884 9 G C 0.327 -11.14692 2.667724 2.265379 2.427895 4.030519e-05 3.659284e-05 6.566604e-05 scaffold_2
287 398 2 2:52839680 52839680 23 A G 0.296 8.204314 2.487777 2.458678 2.675095 0.001112426 0.001051313 0.001410611 scaffold_2
289 892 2 2:62184106 62184106 7 T C 0.092 -12.65715 4.10347 1.769047 1.900435 0.002262422 0.002391368 0.003030601 scaffold_2
290 491 2 2:65567770 65567770 6 T C 0.188 -9.110245 2.812615 2.042776 2.206049 0.001357788 0.001295897 0.001629117 scaffold_2
291 12 2 2:83024184 83024184 8 A G 0.446 10.50882 2.431692 1.381649 1.459205 2.21892e-05 3.17337e-05 7.889742e-05 scaffold_2
292 277 2 2:124920365 124920365 12 G A 0.305 8.648061 2.542557 2.215263 2.388858 0.0007779077 0.000725455 0.0009589404 scaffold_2
294 32 2 2:140958308 140958308 25 A G 0.3 10.17307 2.574904 2.435718 2.652579 0.0001007573 9.286956e-05 0.0001549892 scaffold_2
295 534 2 2:147043475 147043475 6 G C 0.298 -8.341641 2.568667 1.761017 1.877209 0.001319918 0.001395056 0.001859674 scaffold_2
296 527 2 2:153956757 153956757 8 T C 0.32 8.320963 2.580462 1.991113 2.132146 0.001425419 0.001378837 0.001734392 scaffold_2
297 464 2 2:159715774 159715774 9 A G 0.102 12.19539 3.708945 1.750564 1.889283 0.001150031 0.001218081 0.001622246 scaffold_2
299 206 2 2:174130092 174130092 10 T G 0.274 -9.377801 2.682195 1.8103 1.952137 0.0005559025 0.0005670461 0.0007879694 scaffold_2
301 989 2 2:177102307 177102307 14 T C 0.113 -11.47192 3.777049 1.913322 2.054306 0.002634053 0.002620335 0.003181873 scaffold_2
305 148 2 2:183069392 183069392 20 T C 0.099 13.85568 3.862375 2.827908 3.133744 0.0004001197 0.0004025 0.0006635748 scaffold_2
316 453 2 2:193059603 193059603 16 G A 0.072 15.00981 4.598914 2.059024 2.216688 0.001249101 0.001188667 0.001503568 scaffold_2
318 180 2 2:194483161 194483161 9 A T 0.43 -7.729048 2.194961 1.867923 2.031147 0.0005083254 0.0005044417 0.0006962389 scaffold_2
320 316 2 2:196871462 196871462 14 G T 0.15 10.33397 3.070822 2.098926 2.261195 0.0008822062 0.0008309229 0.001080277 scaffold_2
321 976 2 2:198250969 198250969 10 C G 0.292 -7.683345 2.507774 1.741354 1.870523 0.002418829 0.002598367 0.00331159 scaffold_2
323 302 2 2:202813934 202813934 3 C G 0.071 -14.69766 4.334188 1.855465 1.98775 0.0008062075 0.0008100144 0.001086978 scaffold_2
324 72 2 2:204377906 204377906 16 T G 0.192 11.02893 2.941468 2.229952 2.41561 0.0002191353 0.0002017229 0.000299985 scaffold_2
325 793 2 2:205085232 205085232 18 A G 0.087 -13.43947 4.274372 1.651949 1.760238 0.001861825 0.00211992 0.002867248 scaffold_2
328 662 2 2:208027193 208027193 10 A G 0.188 -9.748976 3.065974 1.769894 1.899265 0.001655615 0.001744407 0.002257375 scaffold_2
335 533 2 2:212319927 212319927 20 C T 0.29 -8.15066 2.537017 2.185652 2.377467 0.001483426 0.001390402 0.001744791 scaffold_2
342 81 2 2:217895865 217895865 20 T < 0.256 10.35312 2.757939 1.769273 1.903476 0.0002154624 0.0002220222 0.0003423004 scaffold_2
343 890 2 2:217947906 217947906 20 A G 0.124 10.66796 3.499018 2.226122 2.415049 0.00253812 0.002387658 0.00289389 scaffold_2
344 399 2 2:219512582 219512582 7 T C 0.388 -7.504189 2.271718 1.976845 2.14715 0.001091862 0.001053875 0.001350513 scaffold_2
345 565 2 2:219962687 219962687 15 A C 0.099 12.96631 4.013275 1.783022 1.943344 0.001395805 0.001450631 0.001880327 scaffold_2
348 761 2 2:222831224 222831224 21 G C 0.19 9.073118 2.929833 2.268109 2.479023 0.002173869 0.002038589 0.00251362 scaffold_2
371 97 2 2:236199531 236199531 18 A G 0.14 -12.06086 3.270686 2.035073 2.210927 0.0002764558 0.0002599918 0.0003747029 scaffold_2
372 117 2 2:236715725 236715725 10 C T 0.317 -8.706738 2.378555 1.763452 1.900886 0.0003057057 0.0003172667 0.0004709039 scaffold_2
405 508 3 3:7080989 7080989 8 A C 0.078 -14.7644 4.554692 1.894974 2.048621 0.001346344 0.001337054 0.001702355 scaffold_3
416 868 3 3:11541677 11541677 25 G A 0.131 10.88378 3.55828 2.3953 2.582607 0.002458828 0.002327501 0.002906989 scaffold_3
429 304 3 3:21763473 21763473 9 A C 0.094 -13.56071 4.019556 2.050198 2.20304 0.0008566267 0.0008139798 0.00106123 scaffold_3
434 311 3 3:37770875 37770875 13 A G 0.186 -10.19178 3.016382 1.934015 2.074531 0.0008414911 0.0008225441 0.001084137 scaffold_3
436 278 3 3:56291619 56291619 11 A C 0.348 -8.289055 2.439264 2.280181 2.466849 0.0007865125 0.0007326179 0.0009753577 scaffold_3
437 115 3 3:87796851 87796851 15 T G 0.253 -10.55652 2.90363 2.462047 2.674075 0.0003351735 0.0003135757 0.0004659224 scaffold_3
438 904 3 3:122927267 122927267 23 A G 0.015 -27.20088 8.864702 1.834517 2.005726 0.002382927 0.002426443 0.002990602 scaffold_3
442 396 3 3:145513997 145513997 4 T G 0.043 -16.57738 5.02282 2.034852 2.208126 0.001102727 0.001050345 0.001341692 scaffold_3
446 588 3 3:154703603 154703603 8 G T 0.266 8.483457 2.65219 1.906822 2.072341 0.001554599 0.00153878 0.001930291 scaffold_3
454 225 3 3:165212008 165212008 14 C T 0.209 -10.52124 3.023215 1.792912 1.919336 0.0005889215 0.0006070311 0.0008473926 scaffold_3
463 431 3 3:175736761 175736761 17 C T 0.342 8.13753 2.487217 2.175972 2.355688 0.001215816 0.001139512 0.001449536 scaffold_3
468 672 3 3:179598336 179598336 7 G A 0.281 -8.155036 2.579719 1.876144 2.024276 0.001760298 0.001765857 0.002212683 scaffold_3
469 366 3 3:180559098 180559098 21 A C 0.156 10.90037 3.280541 2.030343 2.192477 0.00102154 0.0009744867 0.001252984 scaffold_3
470 940 3 3:181137278 181137278 10 C T 0.058 -14.49882 4.758534 1.953788 2.104007 0.002553943 0.002504789 0.0030306 scaffold_3
471 43 3 3:181810478 181810478 8 T G 0.348 -9.418086 2.402792 1.797635 1.922839 0.0001138891 0.0001152166 0.0001881479 scaffold_3
472 1 3 3:183630389 183630389 6 G C 0.421 -10.99383 2.244427 1.451889 1.556883 1.715411e-06 2.179041e-06 6.931185e-06 scaffold_3
473 141 3 3:184829541 184829541 15 A G 0.117 -14.18781 3.94769 1.858629 1.981909 0.0003905818 0.0003895522 0.0005575104 scaffold_3
476 970 3 3:187667431 187667431 12 G C 0.049 -16.08848 5.316953 2.311047 2.498757 0.002731686 0.002575476 0.003138178 scaffold_3
484 443 3 3:200053362 200053362 12 C T 0.451 8.26331 2.516625 1.890412 2.043583 0.001168237 0.001160903 0.001494402 scaffold_3
498 175 3 3:210662742 210662742 15 C T 0.36 8.9103 2.525067 1.885683 2.030499 0.0004948421 0.0004884478 0.0006775286 scaffold_3
515 181 3 3:220592252 220592252 12 T C 0.392 -8.306787 2.372026 2.233539 2.435985 0.0005447497 0.0005051048 0.00069084 scaffold_3
516 85 3 3:221692985 221692985 5 A T 0.208 11.1395 2.982765 1.85008 1.985062 0.000231755 0.0002305495 0.0003454178 scaffold_3
518 16 3 3:222666360 222666360 22 A G 0.462 10.02633 2.381985 1.69943 1.821963 3.549594e-05 3.746839e-05 7.149525e-05 scaffold_3
524 159 3 3:225223472 225223472 10 T C 0.198 11.48082 3.192652 1.641158 1.771608 0.0003876514 0.0004361953 0.000656268 scaffold_3
526 45 3 3:226334728 226334728 19 T C 0.23 -10.63974 2.732464 1.859847 2.006008 0.0001259625 0.0001239011 0.0001967255 scaffold_3
530 506 3 3:228661763 228661763 12 A C 0.435 7.419935 2.292803 1.95229 2.129415 0.001371014 0.001334833 0.001681839 scaffold_3
532 740 3 3:229658679 229658679 18 C T 0.348 -7.977077 2.56085 2.007519 2.164988 0.002048686 0.001978251 0.0024172 scaffold_3
545 535 4 4:2270388 2270388 19 A G 0.157 14.02097 4.348751 1.942089 2.094874 0.001427649 0.001396725 0.001762547 scaffold_4
546 991 4 4:2522971 2522971 10 G C 0.268 8.75774 2.899859 2.172907 2.371148 0.002782918 0.002625404 0.003148675 scaffold_4
550 423 4 4:3405713 3405713 13 G A 0.465 -7.700968 2.347936 2.097942 2.268503 0.001182632 0.001117311 0.001419128 scaffold_4
553 807 4 4:3895058 3895058 8 G A 0.29 -7.775525 2.491565 1.746784 1.891568 0.002010702 0.002146899 0.00273265 scaffold_4
567 705 4 4:9649572 9649572 21 C A 0.411 -7.531319 2.405816 2.054504 2.226862 0.001947703 0.001859956 0.002276038 scaffold_4
575 939 4 4:11899949 11899949 9 T C 0.209 8.9084 2.931338 2.071811 2.234957 0.002619336 0.002502651 0.003000344 scaffold_4
584 220 4 4:19850693 19850693 15 C A 0.333 9.376146 2.660578 1.585423 1.714317 0.0005031724 0.0005938783 0.0008900373 scaffold_4
591 664 4 4:31097826 31097826 5 A G 0.144 -10.86041 3.439244 1.944403 2.077987 0.001780291 0.001748335 0.002176434 scaffold_4
594 57 4 4:35251453 35251453 16 A G 0.457 -9.233615 2.405732 1.846114 1.985455 0.0001562397 0.0001550208 0.0002413508 scaffold_4
597 37 4 4:60795062 60795062 14 C T 0.371 -10.0103 2.534406 1.755381 1.892102 0.0001011918 0.0001043832 0.0001727975 scaffold_4
599 542 4 4:96672885 96672885 12 T C 0.055 -20.70861 6.440935 2.040829 2.193804 0.001471256 0.001407741 0.001759741 scaffold_4
600 89 4 4:130648884 130648884 5 T G 0.336 10.06213 2.711419 1.909245 2.051839 0.000253245 0.0002464257 0.0003626802 scaffold_4
601 50 4 4:144053051 144053051 14 A G 0.141 -14.34255 3.722422 1.995469 2.144593 0.0001475525 0.0001395589 0.0002147152 scaffold_4
603 23 4 4:151144806 151144806 11 A T 0.182 -13.12135 3.173937 1.393752 1.472436 4.833551e-05 6.86193e-05 0.0001563044 scaffold_4
604 391 4 4:152621979 152621979 14 C T 0.254 -9.296555 2.809357 1.945449 2.103525 0.001070297 0.001043573 0.001343633 scaffold_4
605 178 4 4:152815197 152815197 25 C T 0.152 -11.66008 3.310995 1.888598 2.014706 0.0005076763 0.0005017579 0.0006974676 scaffold_4
608 859 4 4:157245794 157245794 21 T C 0.078 -13.68062 4.45752 1.988043 2.166762 0.002377847 0.002306159 0.002786982 scaffold_4
614 607 4 4:163241114 163241114 8 A C 0.358 -7.963653 2.47974 1.73436 1.867607 0.001489428 0.001598194 0.002098209 scaffold_4
615 977 4 4:165724527 165724527 14 G A 0.166 -9.422018 3.070404 1.711463 1.835679 0.002381322 0.002604605 0.003372173 scaffold_4
622 273 4 4:172542033 172542033 25 T C 0.101 -13.71655 3.992488 1.77544 1.901605 0.0006896872 0.0007178718 0.0009966626 scaffold_4
628 314 4 4:176678972 176678972 3 A G 0.178 10.74525 3.18178 1.923046 2.080778 0.0008464532 0.0008290999 0.001089959 scaffold_4
630 432 4 4:178646565 178646565 17 A G 0.214 9.691046 2.858014 1.420619 1.548599 0.000806958 0.001139714 0.001773199 scaffold_4
634 581 4 4:180815957 180815957 1 G T 0.245 9.097713 2.822579 1.747201 1.895223 0.001432179 0.00152283 0.001982346 scaffold_4
635 649 4 4:181906751 181906751 10 A G 0.194 9.075964 2.873538 2.0177 2.201445 0.001776345 0.001703969 0.002099801 scaffold_4
643 555 4 4:187882705 187882705 24 A G 0.158 -10.38748 3.227131 1.922553 2.062276 0.001453437 0.001433387 0.001813217 scaffold_4
645 21 4 4:190092719 190092719 9 T C 0.223 -11.41495 2.797606 1.828643 1.953853 6.014053e-05 5.958992e-05 0.0001039802 scaffold_4
646 553 4 4:191260415 191260415 10 A C 0.347 -7.548956 2.343651 1.89994 2.046319 0.001442628 0.001431307 0.001816613 scaffold_4
647 51 4 4:196152198 196152198 13 C T 0.402 8.994172 2.33953 2.238758 2.441059 0.0001525166 0.0001397754 0.0002160574 scaffold_4
648 190 4 4:198262446 198262446 17 T G 0.044 17.38469 4.980252 2.145158 2.375613 0.0005671234 0.0005253912 0.0007127095 scaffold_4
649 122 4 4:200918431 200918431 9 T C 0.349 9.08684 2.49247 1.737651 1.868233 0.0003229194 0.0003403866 0.0005072864 scaffold_4
650 513 4 4:201821806 201821806 16 T C 0.395 8.132391 2.523939 2.173111 2.355345 0.001437418 0.001349643 0.001694795 scaffold_4
652 164 4 4:210737964 210737964 20 A C 0.292 8.558778 2.420867 2.297836 2.489252 0.0004830697 0.0004478788 0.0006237538 scaffold_4
653 849 4 4:217400279 217400279 18 C T 0.115 10.68205 3.477888 2.009226 2.165422 0.002360189 0.002280397 0.002759638 scaffold_4
667 782 4 4:235865750 235865750 9 C T 0.092 13.05328 4.194996 1.880874 2.012544 0.002071406 0.002081253 0.002586992 scaffold_4
676 200 4 4:238065793 238065793 8 G A 0.328 -8.646999 2.48224 2.226773 2.408927 0.0005818341 0.0005404987 0.0007336605 scaffold_4
679 696 4 4:239015588 239015588 20 T C 0.16 10.68426 3.369079 1.721959 1.85678 0.001702699 0.001842498 0.002404996 scaffold_4
692 420 5 5:1021783 1021783 22 A G 0.163 10.02137 3.054853 2.194631 2.39203 0.001180272 0.001103072 0.001410079 scaffold_5
695 609 5 5:1846852 1846852 10 T C 0.109 12.60059 3.966329 2.018677 2.191358 0.0016713 0.001604139 0.00198631 scaffold_5
696 715 5 5:2183012 2183012 12 C T 0.087 12.69959 4.050228 1.928558 2.093699 0.001915642 0.001885417 0.002326655 scaffold_5
700 260 5 5:2812734 2812734 6 C T 0.252 -8.753402 2.557183 1.964584 2.10357 0.000720792 0.0006970903 0.0009285276 scaffold_5
704 373 5 5:3951939 3951939 13 C T 0.322 -8.388366 2.510119 1.792686 1.923004 0.0009565791 0.0009898907 0.001330805 scaffold_5
706 698 5 5:4315418 4315418 25 A G 0.388 7.574796 2.419634 2.107734 2.278662 0.001947128 0.001845597 0.002259158 scaffold_5
722 625 5 5:8360490 8360490 5 T C 0.083 -12.49823 3.943452 1.969602 2.133006 0.001713491 0.001665196 0.002064938 scaffold_5
726 510 5 5:10963398 10963398 16 G A 0.105 -11.38596 3.514556 1.904194 2.044223 0.001355079 0.001342235 0.001713879 scaffold_5
729 515 5 5:11831026 11831026 17 A G 0.116 11.1817 3.467848 2.074231 2.255335 0.001426428 0.001352076 0.001692643 scaffold_5
733 943 5 5:13602370 13602370 25 T G 0.41 -7.484888 2.419951 1.646802 1.784432 0.002200952 0.002512551 0.003287408 scaffold_5
742 333 5 5:19481265 19481265 24 T C 0.464 -7.81706 2.333179 2.420531 2.620655 0.0009286805 0.0008730083 0.001177876 scaffold_5
745 684 5 5:22650722 22650722 11 A C 0.19 10.86251 3.452951 1.951325 2.119878 0.001851652 0.001810324 0.002233118 scaffold_5
747 699 5 5:27663265 27663265 16 G A 0.374 -7.703546 2.457409 2.017921 2.171245 0.001920045 0.001849254 0.002269544 scaffold_5
749 978 5 5:32686091 32686091 20 A G 0.092 -11.81144 3.908255 2.212689 2.39041 0.00276417 0.002605946 0.003133435 scaffold_5
751 11 5 5:44577478 44577478 15 A G 0.123 14.423 3.392201 1.952236 2.08422 2.974183e-05 2.801412e-05 5.208599e-05 scaffold_5
752 595 5 5:45325323 45325323 10 A G 0.058 16.60449 5.22398 2.283269 2.461147 0.001662326 0.001560946 0.001958424 scaffold_5
755 483 5 5:61560608 61560608 7 A G 0.355 7.802794 2.404147 2.028878 2.200647 0.001328417 0.001269839 0.001599083 scaffold_5
762 676 5 5:120616167 120616167 11 A G 0.055 15.06617 4.793434 2.066883 2.224122 0.001868656 0.001780494 0.00218585 scaffold_5
763 899 5 5:139157106 139157106 6 A G 0.248 9.058953 2.957156 1.904795 2.054342 0.002422033 0.002410707 0.00294465 scaffold_5
765 98 5 5:150046712 150046712 10 C G 0.373 9.641975 2.464808 1.147342 1.222746 0.0001174097 0.0002612728 0.0006609699 scaffold_5
768 258 5 5:162723278 162723278 15 A G 0.249 -9.160341 2.666416 1.867062 2.007711 0.0006900281 0.0006886181 0.0009312881 scaffold_5
769 232 5 5:164583114 164583114 4 A G 0.067 -15.43773 4.478299 2.120131 2.305227 0.0006619155 0.0006196736 0.0008259183 scaffold_5
771 447 5 5:167285825 167285825 19 A T 0.364 -7.804408 2.360402 1.714371 1.835139 0.00108042 0.001169821 0.00160445 scaffold_5
774 584 5 5:171320642 171320642 13 A G 0.151 -10.17077 3.151554 1.71826 1.834366 0.001412931 0.001530832 0.002070869 scaffold_5
776 617 5 5:172979292 172979292 20 C T 0.097 -11.80057 3.726809 2.380913 2.611838 0.001730368 0.001626187 0.00207863 scaffold_5
778 254 5 5:175225044 175225044 12 T C 0.37 -7.693508 2.246691 2.144344 2.327755 0.0007174829 0.0006701975 0.0008882133 scaffold_5
779 690 5 5:176659313 176659313 13 G A 0.273 -7.736562 2.465985 2.558026 2.854673 0.00190444 0.00182665 0.002425101 scaffold_5
780 475 5 5:178293111 178293111 5 T G 0.18 -9.567946 2.949106 2.16516 2.360144 0.001333809 0.001250298 0.001579448 scaffold_5
781 103 5 5:178989512 178989512 8 C A 0.16 11.00051 2.997861 2.426663 2.675419 0.0002957323 0.0002743473 0.0004106572 scaffold_5
782 317 5 5:180459575 180459575 9 G T 0.422 -8.006468 2.371704 1.926731 2.07486 0.0008502647 0.0008324001 0.001095606 scaffold_5
783 62 5 5:182295400 182295400 22 A C 0.258 -9.554678 2.511129 1.944727 2.115931 0.0001774848 0.0001698155 0.00025674 scaffold_5
784 413 5 5:183936349 183936349 7 A G 0.189 9.839814 2.977168 1.855485 2.013866 0.001085226 0.001090856 0.001418297 scaffold_5
785 929 5 5:184223238 184223238 14 G C 0.266 8.166603 2.678298 1.946569 2.114134 0.002535424 0.002488306 0.003005836 scaffold_5
788 123 5 5:186880962 186880962 5 G C 0.194 -10.15162 2.810226 2.063877 2.225046 0.0003650874 0.0003430292 0.0004815448 scaffold_5
790 559 5 5:189341216 189341216 17 T C 0.444 7.440855 2.309554 1.868839 2.021313 0.001439018 0.001443323 0.001837106 scaffold_5
791 833 5 5:190608454 190608454 22 T G 0.15 10.00365 3.254302 2.07153 2.22028 0.002340776 0.002236607 0.00270285 scaffold_5
792 752 5 5:191641574 191641574 12 T C 0.433 -7.114635 2.29274 2.154194 2.335287 0.002129703 0.002008865 0.002448843 scaffold_5
793 377 5 5:192312807 192312807 24 T G 0.363 -8.029038 2.423887 2.478763 2.727653 0.00105818 0.00100005 0.001355403 scaffold_5
794 64 5 5:193349260 193349260 23 G A 0.14 12.64874 3.335218 2.344986 2.554468 0.0001861281 0.000171142 0.0002634568 scaffold_5
796 168 5 5:196156399 196156399 4 C A 0.36 8.439819 2.374524 1.783204 1.907224 0.000451166 0.0004657996 0.0006702677 scaffold_5
797 621 5 5:197766032 197766032 8 T G 0.106 14.14505 4.334957 1.484195 1.603978 0.001252295 0.001652863 0.002406482 scaffold_5
798 719 5 5:198934463 198934463 0 G A 0.483 15.56444 4.981661 2.042399 2.206157 0.001987115 0.001902752 0.002326261 scaffold_5
802 146 5 5:203370466 203370466 16 G A 0.481 -7.900035 2.213845 2.102867 2.26109 0.0004285927 0.0004011158 0.0005549078 scaffold_5
805 764 5 5:204551284 204551284 1 G A 0.319 -9.650752 3.101048 1.921818 2.075507 0.002068288 0.002043049 0.00251542 scaffold_5
806 157 5 5:204802716 204802716 11 C G 0.077 -15.40711 4.328803 1.921154 2.072314 0.0004432408 0.0004318565 0.0006009568 scaffold_5
807 155 5 5:205338321 205338321 18 T C 0.16 -10.63621 2.996067 2.105805 2.288328 0.000458183 0.0004281013 0.0005889579 scaffold_5
812 882 5 5:206898606 206898606 15 C T 0.109 -13.14806 4.280446 2.72191 2.947985 0.002358369 0.002362078 0.003247423 scaffold_5
830 874 5 5:212798615 212798615 15 G A 0.259 -8.625023 2.819624 2.059005 2.256029 0.002457183 0.002345499 0.002823598 scaffold_5
838 772 5 5:214475217 214475217 12 T C 0.207 9.853104 3.047601 1.390593 1.498625 0.001385462 0.002058269 0.003189442 scaffold_5
841 421 5 5:215064656 215064656 9 G A 0.275 8.134563 2.480342 2.174591 2.379165 0.001183736 0.00110725 0.001413227 scaffold_5
842 532 5 5:215426176 215426176 16 C T 0.058 18.80195 5.758306 1.668854 1.813594 0.00124313 0.001386419 0.001867121 scaffold_5
844 121 5 5:215791472 215791472 11 G A 0.128 13.09179 3.572881 1.666053 1.798949 0.0003015441 0.0003321804 0.000508167 scaffold_5
848 10 6 6:4151872 4151872 19 C A 0.205 11.94629 2.787299 2.169526 2.337127 2.578096e-05 2.335397e-05 4.394722e-05 scaffold_6
854 459 6 6:24207693 24207693 20 T G 0.271 9.262255 2.843606 2.145126 2.314259 0.001277107 0.001201485 0.001519091 scaffold_6
856 118 6 6:34223397 34223397 19 A G 0.301 9.062757 2.472601 1.732525 1.858312 0.0003003599 0.0003173268 0.0004794767 scaffold_6
857 500 6 6:39358821 39358821 19 < T 0.113 12.45262 3.837053 1.888479 2.03496 0.001329298 0.001323716 0.001691704 scaffold_6
858 888 6 6:62086909 62086909 6 T C 0.5 -7.617967 2.495508 2.114622 2.287435 0.00250711 0.00237881 0.002861743 scaffold_6
859 360 6 6:69888085 69888085 12 A G 0.063 -14.84264 4.454656 2.044964 2.198789 0.0009897219 0.0009422187 0.001214384 scaffold_6
862 80 6 6:86714043 86714043 16 C G 0.256 9.438832 2.528488 2.548437 2.784158 0.0002331805 0.0002198156 0.0003466289 scaffold_6
864 198 6 6:89151945 89151945 10 T G 0.25 8.936577 2.564744 2.239363 2.427993 0.0005800811 0.0005383477 0.0007323836 scaffold_6
865 571 6 6:90636437 90636437 16 G A 0.459 12.36051 3.863993 2.458271 2.713522 0.001553382 0.001466948 0.001929451 scaffold_6
868 770 6 6:93655219 93655219 22 A G 0.294 -7.915866 2.533924 1.806795 1.956748 0.001989662 0.002057398 0.002584838 scaffold_6
869 765 6 6:93892878 93892878 8 C T 0.168 -9.733739 3.133432 1.990857 2.147107 0.002106939 0.00204369 0.002494542 scaffold_6
871 656 6 6:96348561 96348561 11 T C 0.19 9.337231 2.936224 1.78947 1.920413 0.001654074 0.001724459 0.00222224 scaffold_6
873 17 6 6:98256617 98256617 14 A C 0.26 -10.48188 2.489802 1.663352 1.784844 3.539482e-05 3.825067e-05 7.399754e-05 scaffold_6
880 358 6 6:106597717 106597717 11 G A 0.144 -11.46998 3.444265 2.111008 2.301956 0.0009957687 0.0009362514 0.001206319 scaffold_6
883 363 6 6:110993563 110993563 8 A C 0.054 15.83592 4.762058 2.048712 2.195982 0.001012105 0.000963732 0.001240097 scaffold_6
887 526 6 6:112695184 112695184 14 A T 0.273 -7.956367 2.454265 2.851896 3.195792 0.0013451 0.001376456 0.002066192 scaffold_6
890 332 6 6:114923491 114923491 22 T C 0.155 -12.17083 3.607323 2.828144 3.100354 0.0008559188 0.0008703845 0.001339522 scaffold_6
898 357 6 6:130594287 130594287 5 G T 0.152 -10.56101 3.138691 1.746936 1.881887 0.0008835229 0.0009358467 0.001273111 scaffold_6
899 330 6 6:132127516 132127516 5 A C 0.362 8.544212 2.518465 1.711062 1.838771 0.0008019178 0.000867419 0.001204723 scaffold_6
901 504 6 6:133664222 133664222 14 A C 0.49 -7.954811 2.448907 1.847162 1.982287 0.00131613 0.001333542 0.001720801 scaffold_6
903 637 6 6:140738651 140738651 16 A G 0.12 -11.51594 3.645345 2.095584 2.264822 0.001772723 0.001681764 0.002072041 scaffold_6
905 635 6 6:144530416 144530416 21 T C 0.046 15.88258 5.030022 2.401792 2.616014 0.00178167 0.001679403 0.002151363 scaffold_6
908 83 6 6:147330819 147330819 12 T C 0.222 11.93548 3.177833 1.716924 1.848366 0.0002139028 0.0002271617 0.0003546653 scaffold_6
926 82 6 6:157685544 157685544 8 T A 0.104 15.01331 4.031901 2.103045 2.255316 0.0002415403 0.0002250602 0.0003286362 scaffold_6
927 339 6 6:157946073 157946073 19 C G 0.404 7.962679 2.377635 2.046981 2.205359 0.000933181 0.0008871425 0.001148551 scaffold_6
931 482 6 6:159347490 159347490 10 A G 0.345 7.753911 2.376074 1.84267 1.979788 0.001250985 0.001268179 0.001646168 scaffold_6
938 154 6 6:162095017 162095017 23 C T 0.466 -8.059558 2.270901 2.239071 2.433185 0.0004598435 0.0004256299 0.0005913112 scaffold_6
957 825 6 6:167022588 167022588 5 A G 0.158 10.70102 3.47453 2.001994 2.182604 0.002296753 0.002216413 0.002683966 scaffold_6
962 948 7 7:1195955 1195955 9 C T 0.082 -12.52605 4.104913 1.886741 2.039251 0.002516749 0.002522404 0.003076167 scaffold_7
984 18 7 7:5558198 5558198 12 C T 0.463 9.493806 2.236966 1.423823 1.511684 3.071892e-05 4.166589e-05 9.852669e-05 scaffold_7
992 408 7 7:8527735 8527735 15 T G 0.187 9.691431 2.886341 1.580375 1.709576 0.0009055226 0.001079554 0.001560772 scaffold_7
1005 127 7 7:19263585 19263585 11 G A 0.362 -8.566657 2.331433 1.563532 1.670885 0.0002903262 0.0003476765 0.0005719209 scaffold_7
1006 418 7 7:21134883 21134883 5 T C 0.162 -10.84837 3.303212 2.11268 2.275129 0.001165458 0.001099758 0.001398619 scaffold_7
1007 641 7 7:25514803 25514803 9 T C 0.034 -22.7958 7.219371 2.433615 2.639695 0.001781485 0.001687536 0.002169454 scaffold_7
1008 271 7 7:29280113 29280113 4 A G 0.492 -8.131496 2.384547 2.072081 2.23105 0.0007544122 0.0007131831 0.0009391092 scaffold_7
1010 390 7 7:66203131 66203131 7 A G 0.014 30.65407 9.296311 2.36465 2.6105 0.001113962 0.001040523 0.001371229 scaffold_7
1011 6 7 7:102036740 102036740 15 T C 0.126 15.83812 3.557142 1.941077 2.153641 1.268428e-05 1.181034e-05 2.429228e-05 scaffold_7
1017 671 7 7:117269400 117269400 4 A C 0.303 8.078149 2.571668 2.299668 2.48322 0.001880205 0.00176578 0.002204745 scaffold_7
1019 797 7 7:121437056 121437056 9 T C 0.05 15.74703 5.104758 2.34018 2.539713 0.002260404 0.002127798 0.002643421 scaffold_7
1022 726 7 7:127283863 127283863 12 A T 0.486 -7.147763 2.295233 2.16903 2.365068 0.002054272 0.00193281 0.002366163 scaffold_7
1029 365 7 7:133084848 133084848 10 T G 0.268 8.681275 2.618524 2.23019 2.518677 0.00104783 0.0009714916 0.001265091 scaffold_7
1031 658 7 7:135218524 135218524 18 T C 0.196 9.03459 2.871801 2.191216 2.45034 0.001851028 0.001729055 0.002145174 scaffold_7
1033 245 7 7:138499626 138499626 3 G C 0.357 -15.32447 4.465187 2.12973 2.350678 0.000698502 0.0006520249 0.0008666492 scaffold_7
1034 262 7 7:140284193 140284193 19 A G 0.293 9.152314 2.667391 1.861073 2.007638 0.0007004801 0.0006998956 0.0009460737 scaffold_7
1039 659 7 7:145676136 145676136 17 T C 0.39 7.437453 2.363478 2.234945 2.43067 0.001845804 0.001730533 0.002147444 scaffold_7
1042 128 7 7:148519595 148519595 23 C T 0.357 8.82792 2.392629 1.502375 1.623184 0.0002743307 0.0003480773 0.0005743623 scaffold_7
1055 809 7 7:159897284 159897284 14 A G 0.238 -8.873549 2.869212 1.956991 2.110098 0.002203199 0.002157008 0.002632403 scaffold_7
1056 93 7 7:160480020 160480020 13 A G 0.296 9.108661 2.456211 1.870538 2.036278 0.0002557257 0.0002517107 0.0003699435 scaffold_7
1057 573 7 7:160815866 160815866 14 A G 0.252 -8.046994 2.502629 1.848136 1.998994 0.001469977 0.001486503 0.001897625 scaffold_7
1059 847 7 7:161860284 161860284 15 T C 0.154 10.45333 3.374264 1.778122 1.931673 0.002165715 0.002271988 0.002852218 scaffold_7
1060 295 7 7:162108073 162108073 4 C G 0.427 8.068976 2.349639 1.618834 1.743853 0.0006932399 0.0007988995 0.001160944 scaffold_7
1061 60 7 7:162994061 162994061 8 T C 0.164 12.11842 3.153319 1.66384 1.77156 0.0001533226 0.00016843 0.0002800201 scaffold_7
1073 130 7 7:167977360 167977360 19 G C 0.22 11.03966 3.005092 1.533908 1.651705 0.0002911551 0.000358417 0.0005792929 scaffold_7
1075 347 7 7:168830900 168830900 16 T C 0.312 -8.20861 2.456828 2.518453 2.744749 0.0009588208 0.0009119469 0.001258791 scaffold_7
1108 567 8 8:3887419 3887419 24 T C 0.184 -10.57808 3.288794 1.901704 2.04681 0.001465147 0.001454161 0.001841496 scaffold_8
1111 307 8 8:4619325 4619325 22 A G 0.083 -13.27403 3.917361 2.802314 3.146671 0.000813519 0.0008161194 0.001253091 scaffold_8
1113 59 8 8:4956872 4956872 11 A T 0.261 -9.494741 2.50025 2.358718 2.595903 0.0001825844 0.000167841 0.0002594771 scaffold_8
1117 343 8 8:6465560 6465560 8 G C 0.136 -10.45075 3.130311 2.229707 2.4719 0.0009673751 0.0008982268 0.001174368 scaffold_8
1137 354 8 8:15572562 15572562 16 A C 0.3 8.458329 2.533215 1.991232 2.144331 0.0009660299 0.0009299643 0.001203956 scaffold_8
1139 284 8 8:17392901 17392901 18 T A 0.1 15.0148 4.434122 2.219865 2.376666 0.0008201225 0.0007662489 0.001007602 scaffold_8
1143 944 8 8:19569327 19569327 21 G A 0.489 7.258924 2.387871 2.032309 2.194874 0.002611859 0.002512924 0.003015749 scaffold_8
1147 800 8 8:22443822 22443822 10 G A 0.421 7.179732 2.314003 1.877563 2.032096 0.002132354 0.00213946 0.002643083 scaffold_8
1149 222 8 8:26875443 26875443 6 T C 0.27 9.314906 2.662673 1.691982 1.827438 0.0005519167 0.0006013489 0.0008621339 scaffold_8
1150 238 8 8:28168613 28168613 8 T C 0.216 -9.321204 2.707598 2.086502 2.275204 0.0006728102 0.0006323994 0.0008409512 scaffold_8
1151 30 8 8:61787486 61787486 10 T C 0.383 10.61209 2.623892 1.503615 1.601433 6.947324e-05 8.688698e-05 0.0001697463 scaffold_8
1153 886 8 8:79904722 79904722 18 C T 0.331 -7.320176 2.398616 2.160461 2.342187 0.00251388 0.002372937 0.002861046 scaffold_8
1155 218 8 8:94636895 94636895 14 G C 0.057 -16.09259 4.642084 2.007628 2.159917 0.0006178419 0.000590167 0.0007921563 scaffold_8
1157 2 8 8:102836496 102836496 15 C A 0.484 11.0686 2.331347 1.991087 2.141697 3.426844e-06 3.129324e-06 7.775225e-06 scaffold_8
1159 337 8 8:108208123 108208123 20 C T 0.252 -8.81908 2.622349 1.898252 2.043304 0.00088886 0.0008785721 0.001157747 scaffold_8
1160 184 8 8:112883702 112883702 3 C T 0.175 -10.91952 3.11705 2.033636 2.193619 0.0005424594 0.0005144701 0.0006973012 scaffold_8
1161 957 8 8:116738800 116738800 8 G T 0.088 -12.33029 4.060271 2.563149 2.800727 0.0026379 0.002551438 0.003308752 scaffold_8
1163 679 8 8:119543394 119543394 22 G C 0.237 -8.427611 2.677757 1.984939 2.134348 0.001843137 0.001787797 0.002206382 scaffold_8
1164 70 8 8:121658372 121658372 11 A G 0.462 -8.532658 2.246172 1.708865 1.841674 0.0001817227 0.0001936517 0.0003068929 scaffold_8
1165 76 8 8:123302928 123302928 11 T C 0.391 -9.135055 2.440257 2.191787 2.348894 0.0002241421 0.0002070273 0.00030566 scaffold_8
1166 34 8 8:124830903 124830903 9 G T 0.137 -13.03385 3.300792 1.910355 2.072353 0.0001016136 9.783872e-05 0.000157411 scaffold_8
1167 56 8 8:130038369 130038369 8 G A 0.342 -10.09041 2.615817 1.705394 1.825512 0.0001450414 0.0001547825 0.0002525729 scaffold_8
1173 87 8 8:146332872 146332872 9 T C 0.078 14.50745 3.91192 2.072466 2.222534 0.0002556237 0.000239002 0.0003471663 scaffold_8
1174 750 8 8:146372351 146372351 18 T G 0.138 9.882073 3.176841 2.010482 2.159384 0.002077981 0.002004687 0.002449607 scaffold_8
1189 801 8 8:162129997 162129997 8 A C 0.256 8.074997 2.59038 1.770565 1.918796 0.002033416 0.00213959 0.002717762 scaffold_8
1206 52 8 8:168488255 168488255 16 C T 0.116 -12.98667 3.358371 1.815676 1.953339 0.0001398111 0.0001403188 0.0002226858 scaffold_8
1211 810 8 8:169546743 169546743 18 G T 0.496 7.250371 2.324502 1.747263 1.874196 0.002021456 0.002160123 0.002787865 scaffold_8
1227 495 8 8:173256603 173256603 6 C T 0.411 -7.309007 2.262119 2.091939 2.257636 0.001394916 0.001320803 0.001656377 scaffold_8
1240 653 9 9:1589276 1589276 9 A G 0.064 14.88803 4.674218 1.766494 1.905608 0.00162616 0.001713728 0.002215462 scaffold_9
1254 74 9 9:7617099 7617099 9 C T 0.434 8.795015 2.333411 1.841855 1.979779 0.0002033827 0.0002025982 0.0003079328 scaffold_9
1263 722 9 9:11065763 11065763 10 A T 0.23 8.11493 2.60566 2.262582 2.509533 0.002053138 0.001918481 0.002380524 scaffold_9
1268 116 9 9:13457032 13457032 15 G A 0.416 8.270086 2.277425 2.264133 2.464605 0.0003405235 0.000314243 0.0004501961 scaffold_9
1271 86 9 9:14994931 14994931 5 C A 0.168 -12.32167 3.30224 1.834192 1.971178 0.0002346657 0.000234922 0.0003524192 scaffold_9
1272 763 9 9:15582344 15582344 13 T C 0.039 -17.34762 5.601593 2.202012 2.391192 0.002173128 0.00204228 0.002496414 scaffold_9
1288 370 9 9:25734638 25734638 12 G A 0.183 11.96951 3.59834 1.940826 2.084471 0.001008766 0.0009838971 0.001278941 scaffold_9
1289 519 9 9:27111987 27111987 14 A G 0.307 -8.145055 2.500696 1.739922 1.871426 0.001277565 0.001364016 0.00181383 scaffold_9
1291 361 9 9:79120905 79120905 9 T C 0.237 -9.392208 2.812156 1.890965 2.03123 0.0009630699 0.0009556821 0.00125392 scaffold_9
1292 380 9 9:92259108 92259108 14 G A 0.279 -8.310145 2.511987 2.391535 2.602627 0.001073762 0.00100702 0.001335677 scaffold_9
1296 490 9 9:103699023 103699023 19 A G 0.151 12.38898 3.82965 2.130437 2.320428 0.001376416 0.001295738 0.001629114 scaffold_9
1299 783 9 9:111452241 111452241 13 G A 0.082 -12.30499 3.94293 1.804235 1.937515 0.002010482 0.002084256 0.002640513 scaffold_9
1301 79 9 9:116842261 116842261 6 T C 0.147 13.27888 3.557428 2.493032 2.772064 0.0002334208 0.0002177395 0.0003373377 scaffold_9
1303 153 9 9:121805553 121805553 20 G C 0.105 -13.87557 3.902872 2.470951 2.725084 0.0004496975 0.0004213781 0.0006108643 scaffold_9
1306 446 9 9:126453511 126453511 23 G T 0.228 -9.416781 2.868019 1.872288 2.01638 0.001168689 0.001169805 0.001513607 scaffold_9
1307 132 9 9:128377024 128377024 14 T C 0.279 9.968977 2.764514 1.922979 2.073051 0.0003736681 0.0003634539 0.0005134214 scaffold_9
1311 48 9 9:135408356 135408356 20 T C 0.151 -12.0818 3.122597 1.857465 2.011976 0.0001386271 0.0001365736 0.0002139988 scaffold_9
1314 419 9 9:137535405 137535405 21 C T 0.179 11.30718 3.436836 1.996774 2.158175 0.001142633 0.001100093 0.00140369 scaffold_9
1316 105 9 9:138581412 138581412 8 C G 0.456 8.446949 2.306609 2.189871 2.361315 0.0003039558 0.0002812589 0.0004034344 scaffold_9
1318 68 9 9:139921494 139921494 13 A G 0.161 13.29512 3.439203 1.434108 1.531836 0.0001404612 0.0001914902 0.0003597554 scaffold_9
1335 498 9 9:147659229 147659229 20 G A 0.134 -11.11434 3.423056 1.879142 2.021138 0.001322386 0.001321693 0.001694458 scaffold_9
1341 92 9 9:149803967 149803967 12 G A 0.364 8.94932 2.407387 1.826766 1.960187 0.0002472203 0.0002484861 0.0003719649 scaffold_9
1345 479 9 9:151214005 151214005 4 G A 0.291 8.17481 2.517456 2.023518 2.194572 0.001320847 0.001264136 0.001592836 scaffold_9
1347 183 9 9:151567035 151567035 12 T C 0.199 10.0871 2.880339 2.211321 2.383357 0.0005446119 0.0005062515 0.0006896419 scaffold_9
1349 967 9 9:151931056 151931056 25 T C 0.425 -7.095697 2.342253 2.090424 2.285507 0.002700912 0.002567524 0.003072856 scaffold_9
1354 732 9 9:153307712 153307712 10 C G 0.173 10.02054 3.143916 1.572298 1.685988 0.001614633 0.001955715 0.002787186 scaffold_9
1356 551 9 9:153683049 153683049 25 A C 0.397 7.408965 2.270399 3.192723 3.633844 0.001251161 0.001428891 0.002460336 scaffold_9
1373 594 10 10:2011947 2011947 13 A G 0.249 8.468703 2.659816 2.520824 2.754784 0.001632632 0.001560005 0.002072018 scaffold_10
1403 942 10 10:10616484 10616484 23 C T 0.402 7.439385 2.420411 1.746105 1.881357 0.002343594 0.002509076 0.003182242 scaffold_10
1404 844 10 10:11284330 11284330 18 T C 0.075 -12.53034 4.083942 2.082611 2.268349 0.00238485 0.002266323 0.002734704 scaffold_10
1407 67 10 10:14683232 14683232 20 T C 0.363 9.291782 2.427185 1.58476 1.711619 0.0001623381 0.000189303 0.0003155312 scaffold_10
1408 816 10 10:15722078 15722078 12 T G 0.169 -11.11203 3.574708 1.792118 1.926638 0.002092568 0.002184953 0.002754508 scaffold_10
1410 221 10 10:24795108 24795108 14 A G 0.037 22.76891 6.577992 2.075538 2.210802 0.0006295678 0.0005953104 0.0007963147 scaffold_10
1411 397 10 10:47686728 47686728 10 A C 0.349 8.537149 2.590863 2.321252 2.504753 0.00112292 0.001051245 0.001367252 scaffold_10
1412 163 10 10:71407735 71407735 23 G A 0.17 -11.16901 3.150471 1.976498 2.148421 0.000466327 0.0004467732 0.0006146048 scaffold_10
1413 4 10 10:77700227 77700227 22 T C 0.343 -11.15815 2.459936 1.935353 2.109545 8.819363e-06 8.228216e-06 1.783747e-05 scaffold_10
1415 252 10 10:84821845 84821845 10 T C 0.298 8.950493 2.612589 2.357436 2.563545 0.0007136134 0.0006655892 0.0009050335 scaffold_10
1416 806 10 10:89160961 89160961 20 C T 0.326 -7.561023 2.451669 2.107425 2.310786 0.002265858 0.002145062 0.002600082 scaffold_10
1417 150 10 10:93205103 93205103 10 T G 0.315 -9.07328 2.543081 1.959457 2.130534 0.0004295862 0.0004132761 0.0005731704 scaffold_10
1418 626 10 10:102501936 102501936 24 A G 0.205 -9.716139 3.077325 2.26799 2.508696 0.001782981 0.001666019 0.002087069 scaffold_10
1419 22 10 10:111449362 111449362 14 T C 0.48 9.246967 2.280117 2.321849 2.521996 6.645346e-05 6.053501e-05 0.000103507 scaffold_10
1421 718 10 10:116346698 116346698 24 C A 0.115 -11.47691 3.678166 2.186279 2.392069 0.002013719 0.001891909 0.002323273 scaffold_10
1422 514 10 10:119973245 119973245 13 T C 0.284 -8.60645 2.654875 1.867124 2.009404 0.001345556 0.001351559 0.001732501 scaffold_10
1425 19 10 10:126158945 126158945 12 G C 0.163 -12.28641 3.009529 2.192137 2.407676 5.959733e-05 5.41741e-05 9.250583e-05 scaffold_10
1431 187 10 10:132531703 132531703 20 A C 0.063 19.06939 5.367437 1.624928 1.742168 0.0004536678 0.0005184975 0.0007805355 scaffold_10
1435 547 10 10:135351655 135351655 8 G A 0.122 -10.31272 3.217145 2.356031 2.595848 0.001519269 0.001421521 0.001829435 scaffold_10
1436 612 10 10:136321405 136321405 8 C T 0.374 7.576108 2.321612 1.508842 1.637363 0.001251123 0.001605179 0.002309004 scaffold_10
1440 288 10 10:138051815 138051815 6 C G 0.119 13.56581 3.982625 1.814836 1.994171 0.0007646142 0.0007783088 0.001039187 scaffold_10
1450 798 10 10:142042494 142042494 20 G A 0.267 8.697961 2.819362 2.412322 2.667949 0.002258156 0.002131154 0.002690789 scaffold_10
1466 894 10 10:147028593 147028593 6 G A 0.431 7.391786 2.422306 2.487044 2.712941 0.002516171 0.002404082 0.003061775 scaffold_10
1475 869 10 10:148709429 148709429 14 T A 0.496 7.529152 2.462734 2.321843 2.513096 0.002470608 0.002327598 0.002861278 scaffold_10
