8 505 1 1:3641999 3641999 7 T C 0.033 -7.257222 2.08542 3.569492 3.877255 0.0005882093 0.000553877 0.000742398 scaffold_1
14 66 1 1:5383023 5383023 15 T C 0.126 -5.88862 1.373616 3.054919 3.262963 2.557691e-05 2.654254e-05 5.188267e-05 scaffold_1
30 897 1 1:12657959 12657959 17 G C 0.484 2.70993 0.8280478 3.821828 4.190519 0.00121021 0.001126485 0.001441531 scaffold_1
31 504 1 1:12815419 12815419 21 A G 0.458 -2.922354 0.8410432 3.94164 4.363307 0.0005994254 0.0005535239 0.0007589337 scaffold_1
34 728 1 1:14407380 14407380 10 A G 0.066 -5.085687 1.524593 3.736104 4.040956 0.0009752369 0.0009116597 0.00117691 scaffold_1
39 3 1 1:17738228 17738228 20 C G 0.039 -10.45552 1.952605 2.881272 3.079804 1.891006e-07 2.018821e-07 8.64615e-07 scaffold_1
40 489 1 1:18626269 18626269 14 T C 0.047 -7.840734 2.239075 3.352379 3.642493 0.0005441409 0.0005301284 0.0007192782 scaffold_1
41 197 1 1:19354628 19354628 24 C A 0.108 -4.885467 1.272845 4.224584 4.653157 0.0001558036 0.0001442591 0.0002327438 scaffold_1
44 176 1 1:21984051 21984051 17 C T 0.453 -3.670727 0.9138235 2.484473 2.640961 7.732112e-05 0.0001173937 0.0002460236 scaffold_1
45 126 1 1:22747559 22747559 9 A G 0.111 -5.404233 1.327896 2.998688 3.211299 6.253866e-05 6.699981e-05 0.0001184597 scaffold_1
48 340 1 1:25821199 25821199 17 C T 0.045 -10.01948 2.740243 3.068213 3.268063 0.0003097063 0.0003281585 0.0004908048 scaffold_1
49 723 1 1:26699964 26699964 17 C G 0.244 -3.367465 0.994939 2.998542 3.216748 0.0008233551 0.0009050013 0.001256778 scaffold_1
59 377 1 1:34114685 34114685 24 A C 0.338 3.182902 0.8845537 3.364868 3.618634 0.0003836166 0.0003726734 0.000522669 scaffold_1
65 644 1 1:43805903 43805903 17 A C 0.205 -3.648753 1.065436 3.032396 3.236949 0.0007155433 0.000775131 0.001086417 scaffold_1
67 720 1 1:45816678 45816678 23 A G 0.218 -3.523675 1.053996 3.549928 3.855178 0.0009506797 0.0009016462 0.001161425 scaffold_1
68 114 1 1:46299183 46299183 23 C T 0.166 -3.997097 1.064347 5.046864 1e+05 0.0002137246 5.381207e-05 0.000404228 scaffold_1
74 484 1 1:54618794 54618794 11 T C 0.226 3.363699 0.9460855 2.858532 3.047207 0.000448547 0.0005255205 0.0008078726 scaffold_1
75 279 1 1:56164161 56164161 6 A G 0.414 -3.233498 0.8508591 2.631267 2.794716 0.0001802215 0.0002432943 0.0004405508 scaffold_1
77 46 1 1:60149424 60149424 13 C T 0.232 -4.155916 0.9519553 4.091266 4.601355 1.833264e-05 1.643295e-05 3.336164e-05 scaffold_1
78 678 1 1:62501069 62501069 14 C T 0.287 -3.334947 0.9707421 2.819576 3.025197 0.0006888086 0.0008286738 0.001217738 scaffold_1
79 413 1 1:66405363 66405363 5 T C 0.428 3.314019 0.9203285 2.98216 3.185081 0.0003799902 0.0004177 0.0006251616 scaffold_1
80 427 1 1:68886595 68886595 17 C T 0.258 -3.372069 0.9436959 3.139366 3.358827 0.0004203516 0.0004345507 0.000624087 scaffold_1
81 107 1 1:69551282 69551282 26 T A 0.089 -6.059559 1.43114 2.455642 2.615503 3.190258e-05 4.923638e-05 0.0001164907 scaffold_1
85 481 1 1:78712337 78712337 23 A T 0.057 8.458093 2.415412 3.433274 3.715966 0.0005442498 0.000522551 0.000706855 scaffold_1
88 347 1 1:84331252 84331252 15 G A 0.467 -2.957208 0.8166858 3.429028 3.714733 0.0003529975 0.0003381156 0.0004751416 scaffold_1
89 409 1 1:86992783 86992783 20 T C 0.398 2.949637 0.8225812 3.169136 3.408959 0.0004015234 0.0004106059 0.0005850665 scaffold_1
90 313 1 1:88001501 88001501 11 A C 0.236 -3.584852 0.9777359 3.344151 3.610514 0.0002983577 0.0002902836 0.0004164689 scaffold_1
91 143 1 1:93281567 93281567 8 T C 0.061 -8.776652 2.188682 2.993603 3.209562 7.946958e-05 8.546993e-05 0.0001476528 scaffold_1
92 1 1 1:93397794 93397794 11 A G 0.054 -14.58625 2.297656 3.190244 3.419117 9.692697e-10 8.709057e-10 1.06344e-08 scaffold_1
93 127 1 1:100354470 100354470 21 A G 0.079 -7.218117 1.788817 3.506778 3.791864 7.188068e-05 6.707329e-05 0.0001106782 scaffold_1
95 436 1 1:147243234 147243234 15 A G 0.185 3.995853 1.128507 3.470918 3.770487 0.0004728101 0.0004504449 0.000615706 scaffold_1
96 418 1 1:158490753 158490753 16 A G 0.459 2.896793 0.8139792 3.461646 3.725607 0.0004430192 0.0004234364 0.0005830587 scaffold_1
97 405 1 1:167493678 167493678 6 G A 0.169 -4.118323 1.15415 4.421236 4.950449 0.000428045 0.0004064695 0.000619766 scaffold_1
98 725 1 1:170071732 170071732 4 G A 0.132 -4.216456 1.26227 3.607197 3.906651 0.0009598516 0.0009056491 0.00116608 scaffold_1
101 124 1 1:178995524 178995524 24 T C 0.013 -9.09669 2.980978 5.751144 1e+05 0.00251308 6.608842e-05 0.005668851 scaffold_1
103 341 1 1:182728908 182728908 26 A G 0.294 -3.627279 0.9881071 2.92584 3.128671 0.0002934595 0.0003303239 0.00051131 scaffold_1
109 524 1 1:190526244 190526244 22 T C 0.088 -5.370577 1.547154 3.320544 3.601602 0.0006067546 0.0005965905 0.0008036375 scaffold_1
114 15 1 1:195740927 195740927 20 A G 0.166 -6.158945 1.293602 2.930503 3.135066 3.20683e-06 3.440019e-06 9.066135e-06 scaffold_1
115 925 1 1:197106951 197106951 22 G A 0.358 2.957559 0.9023415 3.346496 3.614116 0.001189926 0.001172388 0.001495284 scaffold_1
120 718 1 1:201773142 201773142 22 A G 0.431 -2.86569 0.8575882 4.255823 4.727734 0.0009559108 0.0009008866 0.001241776 scaffold_1
133 295 1 1:219432801 219432801 22 C T 0.487 3.186787 0.858055 3.093841 3.30805 0.00024989 0.0002613001 0.0003960691 scaffold_1
135 890 1 1:222350104 222350104 14 C T 0.381 -2.860437 0.87037 3.423891 3.692914 0.001154771 0.001119969 0.001426219 scaffold_1
136 975 1 1:223611257 223611257 6 T C 0.143 -3.359677 1.036305 3.763672 4.062105 0.001342647 0.001257183 0.001585355 scaffold_1
139 509 1 1:226718328 226718328 25 A G 0.422 -2.872324 0.8244808 3.439946 3.699008 0.0005802584 0.0005577793 0.0007511934 scaffold_1
144 93 1 1:234085500 234085500 24 A G 0.207 -4.300514 1.024105 2.843177 3.050563 3.685345e-05 4.234814e-05 8.24216e-05 scaffold_1
161 542 1 1:259581270 259581270 8 C A 0.213 -3.5537 1.032625 4.010636 4.409731 0.0006744574 0.0006251113 0.0008544353 scaffold_1
163 457 1 1:263261764 263261764 24 C T 0.226 -3.629717 1.032147 3.518989 3.7808 0.0005158313 0.0004897784 0.0006645035 scaffold_1
169 520 1 1:272637731 272637731 21 C T 0.175 -3.876409 1.121222 4.038254 4.398094 0.0006375838 0.0005918329 0.0008155934 scaffold_1
176 160 1 1:279182737 279182737 2 A G 0.077 -7.379465 1.865535 3.029517 3.24046 9.857425e-05 0.0001046485 0.0001765265 scaffold_1
183 636 1 1:283934659 283934659 13 T G 0.062 -6.719332 1.951885 2.931337 3.124471 0.000671939 0.0007615041 0.001104984 scaffold_1
231 826 2 2:5378240 5378240 17 A C 0.244 -3.7014 1.122054 3.56467 3.863125 0.001107267 0.001050599 0.001337203 scaffold_2
247 790 2 2:11317272 11317272 13 C A 0.343 -2.962514 0.8846251 3.055323 3.286864 0.0009320269 0.001001244 0.001354458 scaffold_2
249 21 2 2:12077674 12077674 18 C G 0.317 -4.268125 0.9174252 3.297939 3.565717 5.241302e-06 4.957094e-06 1.15136e-05 scaffold_2
253 217 2 2:13665708 13665708 13 A G 0.254 -3.726773 0.9831952 3.908667 4.238137 0.0001870935 0.0001716159 0.0002601787 scaffold_2
256 240 2 2:15354561 15354561 7 A G 0.453 -3.225069 0.8583803 3.603323 3.919924 0.000212344 0.0001975565 0.0002909647 scaffold_2
257 594 2 2:15920336 15920336 7 C T 0.28 -3.298218 0.962591 3.285958 3.520682 0.0007111713 0.0007078934 0.0009502685 scaffold_2
260 674 2 2:17255201 17255201 19 G A 0.19 3.292991 0.9783358 3.665588 3.972013 0.0008786578 0.0008236952 0.001069565 scaffold_2
264 309 2 2:19725265 19725265 6 A G 0.08 -5.5772 1.518689 3.468482 3.756886 0.0002918931 0.000277118 0.000396008 scaffold_2
270 525 2 2:23329208 23329208 15 A G 0.039 -7.069025 2.039225 3.40167 3.658151 0.0006170603 0.000597724 0.0008023037 scaffold_2
271 29 2 2:23753410 23753410 14 C T 0.259 -4.164677 0.9088748 2.770964 2.948744 7.158297e-06 8.45537e-06 2.096601e-05 scaffold_2
272 104 2 2:25521761 25521761 13 T C 0.046 -9.060715 2.189554 3.117789 3.382964 4.737912e-05 4.81617e-05 8.534627e-05 scaffold_2
273 18 2 2:27351215 27351215 7 A C 0.134 -6.040458 1.245187 2.173351 2.301352 2.122249e-06 4.487289e-06 1.718937e-05 scaffold_2
274 448 2 2:27753718 27753718 20 C T 0.029 6.023632 1.988132 5.076899 1e+05 0.002694813 0.00047075 0.004475975 scaffold_2
276 258 2 2:29034189 29034189 6 A T 0.025 -8.864172 2.37039 3.524897 3.832833 0.000226963 0.0002129449 0.0003114297 scaffold_2
277 209 2 2:30462578 30462578 11 T C 0.224 -3.643565 0.9483737 3.058948 3.282314 0.0001536093 0.0001617931 0.0002579415 scaffold_2
278 867 2 2:31782038 31782038 5 T C 0.072 -5.206021 1.571576 3.172848 3.397668 0.001056036 0.001090237 0.001438927 scaffold_2
280 296 2 2:36307613 36307613 7 G A 0.283 -3.442514 0.9210619 2.888413 3.085365 0.0002286756 0.000261708 0.000419287 scaffold_2
281 83 2 2:37464718 37464718 19 A G 0.136 -4.98549 1.185616 3.437531 3.730434 3.599638e-05 3.366564e-05 6.026117e-05 scaffold_2
286 559 2 2:47647502 47647502 12 C A 0.016 -9.884521 2.880015 4.145212 4.531875 0.0006970033 0.0006511215 0.0009039194 scaffold_2
288 479 2 2:54928505 54928505 19 A G 0.273 -2.931886 0.8393332 3.780316 4.150608 0.0005612705 0.00051928 0.0007054567 scaffold_2
294 251 2 2:142639667 142639667 16 G T 0.029 -8.166891 2.185492 3.912392 4.249259 0.0002292657 0.0002105011 0.000313207 scaffold_2
296 130 2 2:152320856 152320856 4 T C 0.014 -12.44374 3.09538 4.08175 4.516888 7.63361e-05 6.941451e-05 0.0001187003 scaffold_2
297 964 2 2:163604766 163604766 5 C T 0.15 4.018777 1.235095 3.504967 3.785545 0.001290042 0.001235431 0.001555451 scaffold_2
299 931 2 2:172714013 172714013 5 G A 0.439 2.865826 0.8793826 3.710209 4.062801 0.001268032 0.001186329 0.001501552 scaffold_2
302 194 2 2:178548315 178548315 16 A G 0.19 3.844761 0.9956438 3.247076 3.512796 0.0001423706 0.0001405754 0.000218659 scaffold_2
303 825 2 2:180626361 180626361 23 C T 0.145 3.979629 1.204838 3.472199 3.733492 0.001091221 0.001049552 0.001340712 scaffold_2
305 512 2 2:182389172 182389172 20 T C 0.102 -4.960837 1.413028 3.024863 3.221912 0.0005268428 0.0005711063 0.0008229315 scaffold_2
306 4 2 2:184056042 184056042 21 C T 0.079 -9.064493 1.722587 2.767671 2.945332 2.988205e-07 3.425916e-07 1.380311e-06 scaffold_2
313 663 2 2:189871720 189871720 10 C T 0.388 2.702284 0.8013875 4.203215 4.623446 0.0008602441 0.0008079904 0.001111897 scaffold_2
316 898 2 2:192622675 192622675 15 C A 0.018 -11.48654 3.479215 3.194726 3.398586 0.001097085 0.001127873 0.001484222 scaffold_2
317 443 2 2:193858721 193858721 20 T C 0.38 2.901528 0.822819 3.927684 4.273159 0.0004982089 0.0004607927 0.0006388654 scaffold_2
318 533 2 2:194487681 194487681 22 C T 0.153 -3.817149 1.102812 3.329382 3.634101 0.0006286466 0.0006162409 0.0008253572 scaffold_2
319 862 2 2:195690891 195690891 13 G A 0.026 -8.115681 2.47031 4.064413 4.439101 0.001159391 0.001082926 0.001427364 scaffold_2
320 221 2 2:196363823 196363823 25 C T 0.176 -3.690524 0.9727691 3.47707 3.740344 0.0001847094 0.0001745203 0.0002610171 scaffold_2
321 544 2 2:198385084 198385084 14 G A 0.085 -5.564164 1.616486 3.632866 3.947279 0.0006727646 0.0006309363 0.0008368464 scaffold_2
322 514 2 2:199557966 199557966 9 T C 0.012 -13.04227 3.766078 4.007711 4.36334 0.0006246358 0.0005793251 0.0007959392 scaffold_2
327 754 2 2:207250336 207250336 7 C T 0.165 -3.997081 1.202462 4.147973 4.545315 0.001015263 0.0009515579 0.001281967 scaffold_2
330 625 2 2:209502856 209502856 20 G A 0.245 -3.138742 0.9220579 4.541769 5.058973 0.0007692004 0.0007479556 0.001106803 scaffold_2
331 412 2 2:209926391 209926391 19 A T 0.293 3.095601 0.869876 4.223422 4.613209 0.0004432372 0.0004152165 0.0006050204 scaffold_2
333 806 2 2:211692256 211692256 16 T C 0.308 -2.983184 0.9027754 3.742704 4.051119 0.001085943 0.001015552 0.001300602 scaffold_2
334 122 2 2:211952143 211952143 11 G A 0.284 -4.091687 1.003082 3.111853 3.35116 6.022382e-05 6.16099e-05 0.0001069253 scaffold_2
336 858 2 2:213027605 213027605 19 G A 0.287 -3.096708 0.9417416 3.632495 3.965486 0.001147639 0.001080365 0.001373069 scaffold_2
340 5 2 2:216315784 216315784 11 T C 0.16 -5.295526 1.054012 3.685969 4.007339 9.432741e-07 8.290684e-07 2.499133e-06 scaffold_2
341 88 2 2:216616815 216616815 11 T C 0.168 -4.274171 1.025382 3.707387 4.015552 4.186187e-05 3.807518e-05 6.709469e-05 scaffold_2
342 116 2 2:217652488 217652488 16 T G 0.353 -3.634645 0.8812271 2.899472 3.096369 5.008886e-05 5.608242e-05 0.0001050561 scaffold_2
347 917 2 2:221503778 221503778 7 A G 0.406 -2.767868 0.819066 2.631995 2.797625 0.0008386926 0.001153166 0.001845468 scaffold_2
353 147 2 2:227683024 227683024 7 T C 0.38 -3.708333 0.9335683 3.140588 3.363756 9.234313e-05 9.401958e-05 0.0001560483 scaffold_2
354 757 2 2:228174927 228174927 13 A G 0.377 -3.022256 0.9039003 3.245045 3.490582 0.0009493191 0.0009571126 0.001257491 scaffold_2
360 735 2 2:231964417 231964417 12 A G 0.343 -2.925797 0.8735334 3.304689 3.573393 0.0009304516 0.000922784 0.001203234 scaffold_2
361 102 2 2:232041725 232041725 26 G A 0.145 4.772642 1.157513 3.490955 3.731442 5.036309e-05 4.701184e-05 8.096444e-05 scaffold_2
367 599 2 2:234404063 234404063 3 C T 0.081 -4.859722 1.569909 4.419742 1e+05 0.002180183 0.0007177785 0.002808132 scaffold_2
389 419 3 3:3403494 3403494 22 G A 0.044 -7.46758 2.094825 3.326452 3.587273 0.0004335204 0.0004247121 0.000590418 scaffold_3
393 80 3 3:4151515 4151515 11 C G 0.496 -3.525378 0.831093 3.008329 3.22148 3.088612e-05 3.269883e-05 6.287698e-05 scaffold_3
396 43 3 3:4662303 4662303 14 C T 0.097 -5.802719 1.323611 3.953097 4.365652 1.695229e-05 1.516637e-05 3.05352e-05 scaffold_3
411 132 3 3:9316084 9316084 12 G A 0.299 -3.772966 0.9231733 2.693778 2.874393 5.834519e-05 7.415521e-05 0.0001442897 scaffold_3
417 707 3 3:12550431 12550431 6 A G 0.076 -7.011611 2.088478 3.424217 3.663331 0.0009053451 0.0008784919 0.001142009 scaffold_3
420 900 3 3:14380954 14380954 9 A C 0.405 -2.675991 0.8066706 3.03481 3.239701 0.00103909 0.001128683 0.001537584 scaffold_3
421 335 3 3:15153988 15153988 22 T C 0.025 9.011372 2.482607 3.632187 3.885657 0.0003417255 0.0003193902 0.0004494226 scaffold_3
423 938 3 3:17094256 17094256 13 C T 0.421 -2.59142 0.7892672 3.203874 3.439132 0.001167173 0.001193631 0.001554609 scaffold_3
424 516 3 3:17590251 17590251 12 G A 0.438 -2.772683 0.7938879 3.116014 3.333724 0.0005624272 0.0005880758 0.0008258767 scaffold_3
433 771 3 3:33776496 33776496 7 G A 0.333 3.01743 0.909608 4.041296 4.364258 0.001039242 0.0009723742 0.001281922 scaffold_3
435 944 3 3:53352261 53352261 17 A T 0.346 -2.862154 0.8781366 3.583874 3.85835 0.001266135 0.001202029 0.001514419 scaffold_3
436 284 3 3:53530531 53530531 17 G A 0.355 -3.16868 0.8584022 3.953416 4.322515 0.000271946 0.0002500756 0.0003676148 scaffold_3
437 496 3 3:114039254 114039254 11 T C 0.142 -4.44912 1.275856 3.536997 3.79226 0.0005733268 0.0005438842 0.0007310871 scaffold_3
438 396 3 3:122927267 122927267 23 A G 0.019 -7.461276 2.624678 5.144256 1e+05 0.004829109 0.0003973258 0.007974027 scaffold_3
440 153 3 3:136292470 136292470 7 T G 0.037 -7.981678 2.026822 3.538414 3.805742 0.00010567 9.859151e-05 0.0001559916 scaffold_3
441 613 3 3:136350440 136350440 24 C T 0.08 -5.571141 1.628563 3.208052 3.433298 0.0007250756 0.0007379308 0.0009983127 scaffold_3
442 278 3 3:143654176 143654176 26 G C 0.013 -10.13052 3.610117 5.451428 1e+05 0.005394468 0.0002412531 0.01007399 scaffold_3
446 579 3 3:153967463 153967463 16 T C 0.071 -5.513947 1.605845 3.382373 3.622855 0.0006931657 0.0006751548 0.0009001015 scaffold_3
449 78 3 3:158945188 158945188 15 G A 0.303 -4.272466 0.9576304 2.061597 2.17537 1.214477e-05 3.142834e-05 0.0001105293 scaffold_3
450 223 3 3:159593921 159593921 8 G T 0.433 -3.392035 0.8557048 2.312531 2.444002 9.538155e-05 0.0001755077 0.000410821 scaffold_3
453 779 3 3:162476011 162476011 21 < G 0.013 -8.27761 3.456574 5.237994 1e+05 0.01734315 0.0009865471 0.0289795 scaffold_3
454 704 3 3:165520566 165520566 11 A G 0.21 3.18905 0.9465092 3.258617 3.519047 0.0008684495 0.0008707222 0.001147725 scaffold_3
456 320 3 3:167407666 167407666 9 G C 0.137 -4.370446 1.19777 3.57748 3.861109 0.0003185519 0.0002987104 0.0004229615 scaffold_3
458 804 3 3:170160691 170160691 23 T G 0.473 2.609525 0.7899549 3.989776 4.364217 0.001089943 0.001014715 0.001330267 scaffold_3
459 220 3 3:170966630 170966630 10 C T 0.369 -3.135175 0.8282453 3.989642 4.45126 0.0001908015 0.0001743181 0.0002673717 scaffold_3
460 171 3 3:172825564 172825564 6 G A 0.188 -4.110435 1.048332 3.189333 3.441 0.0001130016 0.0001133691 0.000181648 scaffold_3
461 306 3 3:173517433 173517433 10 C G 0.295 3.078612 0.8258354 2.89294 3.080308 0.0002371626 0.0002708988 0.0004381682 scaffold_3
463 181 3 3:176527545 176527545 4 A G 0.179 -3.955341 1.021006 3.719465 4.067056 0.0001357019 0.0001244202 0.000192665 scaffold_3
467 593 3 3:179275958 179275958 18 A G 0.414 -2.873869 0.8353762 3.141663 3.359431 0.000677359 0.0007033674 0.0009692038 scaffold_3
469 26 3 3:180609165 180609165 11 G C 0.078 -5.740414 1.489499 6.711374 1e+05 0.0001466507 6.520409e-06 0.0005821772 scaffold_3
470 780 3 3:181706393 181706393 23 T A 0.239 -3.3303 0.9954352 3.124566 3.36134 0.0009427857 0.0009872045 0.001317718 scaffold_3
478 914 3 3:190988211 190988211 20 C T 0.207 -3.568061 1.084468 3.258093 3.510682 0.001140343 0.001147718 0.001481899 scaffold_3
479 654 3 3:191587524 191587524 18 T C 0.014 -7.689925 2.887911 4.901193 1e+05 0.008234675 0.000797768 0.01209297 scaffold_3
483 274 3 3:198895151 198895151 2 A G 0.313 -3.979872 1.011501 2.184215 2.303901 0.0001070929 0.0002350425 0.0005979269 scaffold_3
485 984 3 3:201324829 201324829 23 G A 0.212 -3.423522 1.05336 3.427552 3.701361 0.00130637 0.001267156 0.001597951 scaffold_3
486 277 3 3:201674229 201674229 8 C T 0.472 -2.908457 0.7855617 3.828238 4.165008 0.0002609682 0.0002400371 0.0003501682 scaffold_3
487 620 3 3:202211749 202211749 21 A G 0.342 -3.03237 0.8939129 3.817338 4.114606 0.0008016635 0.0007466662 0.0009831692 scaffold_3
500 969 3 3:212085691 212085691 20 A G 0.266 -3.139877 0.9613973 3.280881 3.556829 0.001238132 0.001238236 0.001580111 scaffold_3
502 134 3 3:214287268 214287268 26 C T 0.151 5.154257 1.289236 3.864261 4.184845 8.339283e-05 7.596516e-05 0.0001248594 scaffold_3
503 697 3 3:214733791 214733791 23 A G 0.214 -3.49728 1.043007 3.66217 3.953553 0.0009186402 0.0008630563 0.001116089 scaffold_3
504 709 3 3:214983700 214983700 13 A T 0.446 -2.769691 0.8195034 3.108217 3.319171 0.0008374657 0.0008821074 0.001203117 scaffold_3
507 106 3 3:216351663 216351663 21 C T 0.073 -8.19841 1.953157 2.632664 2.788918 3.712425e-05 4.919285e-05 0.0001052999 scaffold_3
508 92 3 3:216921243 216921243 13 C A 0.276 -3.890018 0.9066148 2.404296 2.565549 2.517608e-05 4.08743e-05 9.91778e-05 scaffold_3
514 150 3 3:220369293 220369293 24 C A 0.209 -4.116278 1.043382 3.555127 3.822843 0.0001027582 9.566327e-05 0.000151792 scaffold_3
515 835 3 3:220607394 220607394 16 G A 0.059 -5.818913 1.753192 3.191056 3.417073 0.001033004 0.001060176 0.001397845 scaffold_3
527 61 3 3:226639770 226639770 14 C A 0.239 -3.848628 0.9816566 6.241253 1e+05 0.0001131718 2.428446e-05 0.000397331 scaffold_3
528 690 3 3:227137998 227137998 7 T C 0.417 2.641506 0.7817063 3.208528 3.450328 0.0008391132 0.0008538123 0.00113842 scaffold_3
530 951 3 3:228817760 228817760 12 A G 0.098 -4.744764 1.44636 3.167206 3.40434 0.001178501 0.001219288 0.001591638 scaffold_3
531 853 3 3:229173687 229173687 12 G C 0.291 2.898156 0.8726578 3.125847 3.354749 0.001025835 0.001074702 0.001430631 scaffold_3
532 192 3 3:229670186 229670186 10 A G 0.084 -6.119798 1.5889 3.474558 3.745688 0.0001479753 0.0001397157 0.0002135541 scaffold_3
533 89 3 3:230341353 230341353 15 A G 0.102 -6.00157 1.427035 2.986911 3.196486 3.590072e-05 3.843449e-05 7.282632e-05 scaffold_3
534 819 3 3:230420608 230420608 22 A G 0.092 -5.012133 1.506214 3.160886 3.413782 0.001002928 0.001037005 0.001365856 scaffold_3
546 185 4 4:2437977 2437977 17 G T 0.018 -10.53664 2.731007 3.728965 4.015982 0.000144272 0.0001327046 0.0002038362 scaffold_4
559 963 4 4:5462006 5462006 16 G C 0.422 2.5776 0.7914843 3.44698 3.72826 0.00127768 0.001233972 0.001557137 scaffold_4
560 773 4 4:5666154 5666154 22 A T 0.232 3.31357 0.994839 3.356874 3.606154 0.0009922025 0.0009741569 0.001262652 scaffold_4
575 211 4 4:11932544 11932544 24 A C 0.272 3.747665 0.9816206 3.326058 3.577345 0.0001685054 0.0001638473 0.0002491636 scaffold_4
583 869 4 4:18702889 18702889 16 A G 0.363 -2.835322 0.8566801 3.196583 3.448906 0.001066765 0.001091783 0.001425023 scaffold_4
591 53 4 4:30231630 30231630 12 A G 0.07 -6.975181 1.609129 3.443385 3.700481 2.090528e-05 1.947298e-05 3.734359e-05 scaffold_4
594 994 4 4:35250962 35250962 18 T C 0.165 -3.872479 1.153769 2.610477 2.769467 0.000908209 0.00127284 0.002045936 scaffold_4
595 325 4 4:42830382 42830382 1 C T 0.454 6.413241 1.756983 3.37397 3.647035 0.0003169916 0.0003064345 0.0004363681 scaffold_4
596 359 4 4:47714369 47714369 10 C T 0.034 -6.863769 2.136896 4.192283 1e+05 0.001484718 0.0003520269 0.001844034 scaffold_4
597 454 4 4:61986594 61986594 5 C T 0.09 -5.554421 1.578748 3.587837 3.852167 0.0005129134 0.0004825904 0.0006546487 scaffold_4
599 502 4 4:86961741 86961741 24 C A 0.198 -4.057568 1.158534 3.205788 3.422632 0.0005430596 0.0005518307 0.0007662998 scaffold_4
603 680 4 4:150780394 150780394 10 T A 0.046 6.429093 1.909665 3.547066 3.78874 0.0008765333 0.0008340832 0.001082575 scaffold_4
604 452 4 4:152099033 152099033 25 T G 0.4 3.225559 0.9107684 3.199004 3.442421 0.0004715314 0.0004787121 0.0006689156 scaffold_4
605 75 4 4:153141156 153141156 10 C A 0.323 -4.17948 0.9714445 2.670539 2.845478 2.397382e-05 3.069303e-05 6.680887e-05 scaffold_4
610 36 4 4:158889141 158889141 6 C G 0.118 -6.081305 1.384466 4.891495 1e+05 1.634537e-05 1.235859e-05 3.820606e-05 scaffold_4
613 305 4 4:162799133 162799133 25 G A 0.311 3.219095 0.8756669 3.532662 3.836731 0.0002878088 0.0002706233 0.0003868234 scaffold_4
619 64 4 4:170912112 170912112 21 G C 0.135 -5.450459 1.269062 3.037956 3.261226 2.473878e-05 2.580428e-05 5.053332e-05 scaffold_4
620 170 4 4:171574661 171574661 10 A G 0.303 -3.676809 0.9432648 3.944035 4.285899 0.0001236115 0.0001130139 0.0001793276 scaffold_4
622 577 4 4:172628344 172628344 4 C T 0.187 3.766681 1.100849 3.928985 4.299524 0.0007232435 0.0006703903 0.0009015807 scaffold_4
623 877 4 4:173360967 173360967 14 C T 0.105 4.830158 1.472516 3.761174 4.066158 0.001179619 0.001103187 0.001405008 scaffold_4
633 208 4 4:179739930 179739930 15 C T 0.138 4.599947 1.203484 3.344476 3.595464 0.0001657107 0.0001603245 0.0002441935 scaffold_4
636 841 4 4:182499468 182499468 11 T C 0.132 -4.332672 1.306604 3.205528 3.436751 0.001043915 0.001066526 0.00140064 scaffold_4
641 699 4 4:186050083 186050083 14 T C 0.342 -2.634395 0.7853561 3.582898 3.878966 0.0009144485 0.0008640367 0.001116596 scaffold_4
643 276 4 4:187881084 187881084 19 T C 0.041 -5.760519 1.864485 5.624433 1e+05 0.002222658 0.0002397356 0.004765437 scaffold_4
652 881 4 4:211261243 211261243 18 A G 0.033 -6.928875 2.233809 4.488358 1e+05 0.00213612 0.001110574 0.002812496 scaffold_4
657 254 4 4:230443125 230443125 3 C G 0.258 -3.361305 0.8957346 3.312078 3.549433 0.0002160641 0.0002113277 0.0003147128 scaffold_4
668 672 4 4:236230747 236230747 6 A G 0.435 2.969903 0.8822691 3.921423 4.259958 0.0008777464 0.000815921 0.001078038 scaffold_4
671 685 4 4:237016850 237016850 6 A G 0.027 -9.108847 2.669643 2.942713 3.126315 0.0007480626 0.0008449297 0.001215645 scaffold_4
678 731 4 4:238710834 238710834 8 A G 0.158 -3.860238 1.146147 3.109005 3.346671 0.0008722615 0.0009176374 0.00123407 scaffold_4
694 603 5 5:1676651 1676651 3 G C 0.136 -4.378897 1.268994 2.977557 3.219877 0.0006527242 0.0007214714 0.001010375 scaffold_5
707 110 5 5:4505669 4505669 20 T C 0.012 -10.47965 3.048856 5.076589 1e+05 0.0006844949 5.182445e-05 0.001221771 scaffold_5
711 168 5 5:5248136 5248136 14 T C 0.488 3.094217 0.7895439 3.265786 3.504686 0.000113861 0.000111905 0.0001785265 scaffold_5
730 534 5 5:12245034 12245034 19 C G 0.043 5.080059 1.748435 5.201143 1e+05 0.003983697 0.0006182899 0.006813536 scaffold_5
738 453 5 5:15679171 15679171 10 C T 0.114 -4.671546 1.321205 3.273211 3.505772 0.000481441 0.0004792827 0.000665295 scaffold_5
741 250 5 5:18105483 18105483 19 A C 0.068 -4.705471 1.567579 5.274639 1e+05 0.0029466 0.0002103697 0.00514722 scaffold_5
743 172 5 5:21442326 21442326 10 T C 0.124 -4.748417 1.215172 3.36352 3.62664 0.0001190443 0.0001143274 0.0001796562 scaffold_5
744 910 5 5:21763288 21763288 16 T A 0.114 -4.505696 1.373698 3.483723 3.735165 0.00118055 0.001135995 0.001442085 scaffold_5
747 25 5 5:27333172 27333172 8 A G 0.221 -4.878532 1.058243 3.089479 3.307126 6.328232e-06 6.392546e-06 1.487494e-05 scaffold_5
748 76 5 5:30547760 30547760 22 A G 0.033 -9.448294 2.234837 3.434358 3.665074 3.275567e-05 3.07496e-05 5.587909e-05 scaffold_5
750 607 5 5:33315527 33315527 14 G C 0.231 -3.693682 1.087449 3.877442 4.276824 0.0007894144 0.0007311983 0.0009728637 scaffold_5
751 265 5 5:42259813 42259813 13 C A 0.192 -4.262253 1.123246 2.820443 3.015436 0.0001841809 0.0002184137 0.0003617564 scaffold_5
753 622 5 5:50481741 50481741 10 A G 0.056 -6.528273 1.897792 2.993611 3.18914 0.0006780232 0.0007470224 0.001060306 scaffold_5
754 60 5 5:58036428 58036428 14 T G 0.271 -4.044061 0.9379218 3.043581 3.276478 2.304333e-05 2.396493e-05 4.698672e-05 scaffold_5
755 196 5 5:61021626 61021626 20 G A 0.156 -4.429947 1.154157 4.066383 4.46178 0.000155789 0.0001429244 0.000225092 scaffold_5
756 618 5 5:65152527 65152527 18 T C 0.331 2.893624 0.8510316 3.493803 3.769792 0.0007798413 0.0007449225 0.0009761033 scaffold_5
757 468 5 5:69125546 69125546 13 T C 0.052 -6.152421 1.783114 4.459321 1e+05 0.0006534277 0.0005042044 0.0009213046 scaffold_5
759 273 5 5:76411868 76411868 12 T G 0.032 -7.981199 2.148851 4.306504 4.806323 0.0002496978 0.0002332702 0.0003649056 scaffold_5
762 294 5 5:93006845 93006845 15 C T 0.067 -4.705088 1.537149 5.859078 1e+05 0.002438686 0.0002597137 0.005772125 scaffold_5
763 459 5 5:136818936 136818936 9 A C 0.143 -3.974923 1.211129 4.733351 1e+05 0.001172449 0.0004947358 0.001742646 scaffold_5
765 188 5 5:152154147 152154147 22 T C 0.017 -10.66087 2.75274 4.76887 5.360475 0.0001363048 0.0001346522 0.0002471295 scaffold_5
768 698 5 5:163155649 163155649 26 A G 0.143 -3.848931 1.148159 4.183044 4.613923 0.000921224 0.0008639417 0.001179208 scaffold_5
770 392 5 5:166369926 166369926 21 C G 0.087 -5.143644 1.439114 4.007083 4.388011 0.0004189515 0.0003871009 0.0005502427 scaffold_5
771 259 5 5:167977584 167977584 11 C T 0.146 -4.461555 1.193549 3.588305 3.873365 0.0002282365 0.0002131084 0.0003115325 scaffold_5
777 506 5 5:174212573 174212573 12 A G 0.072 -5.5706 1.599734 3.501152 3.784592 0.0005835625 0.0005554133 0.0007453223 scaffold_5
783 245 5 5:182189747 182189747 11 G A 0.09 -5.026627 1.341364 4.231352 4.686514 0.0002203274 0.0002044531 0.0003196548 scaffold_5
795 471 5 5:194957867 194957867 15 A T 0.207 -3.574128 1.019915 3.572775 3.844121 0.0005391657 0.0005083197 0.0006865244 scaffold_5
798 286 5 5:198841982 198841982 25 A G 0.055 -6.174631 1.672826 3.626775 3.932305 0.0002721833 0.0002530669 0.0003640085 scaffold_5
805 260 5 5:204602853 204602853 20 G A 0.301 3.508157 0.9168728 2.662831 2.851344 0.0001631682 0.0002143315 0.0003790344 scaffold_5
807 844 5 5:205288188 205288188 3 G T 0.12 -4.104989 1.206834 2.628692 2.799617 0.0007762589 0.001067964 0.001735431 scaffold_5
817 640 5 5:208245103 208245103 6 A T 0.355 -2.882136 0.8504013 3.599874 3.896228 0.0008103754 0.0007641063 0.0009972296 scaffold_5
819 393 5 5:209031718 209031718 14 G A 0.15 4.86416 1.361366 3.703815 4.046733 0.0004207464 0.0003903672 0.0005410137 scaffold_5
820 634 5 5:209915195 209915195 25 G C 0.042 7.100173 2.095617 4.016548 4.331155 0.0008133313 0.0007587587 0.001016801 scaffold_5
822 482 5 5:210350696 210350696 16 T C 0.022 7.594415 2.47894 5.298844 1e+05 0.002417905 0.0005231997 0.004438773 scaffold_5
830 275 5 5:212730734 212730734 16 C T 0.147 -4.274009 1.149525 3.389767 3.689304 0.0002460717 0.0002361114 0.0003435649 scaffold_5
831 626 5 5:212919768 212919768 11 T C 0.094 -4.519934 1.331985 4.166725 4.554754 0.0007984827 0.000748498 0.001028891 scaffold_5
833 837 5 5:213336026 213336026 15 A G 0.396 -2.823187 0.8560158 3.497439 3.784935 0.001109981 0.00106276 0.00135331 scaffold_5
835 667 5 5:213806739 213806739 17 A T 0.436 -2.697594 0.7874375 2.918968 3.123278 0.0007126964 0.0008123815 0.001169676 scaffold_5
843 490 5 5:215544509 215544509 17 C T 0.467 -2.719546 0.7797743 4.232255 4.657943 0.0005724215 0.0005370218 0.0007672876 scaffold_5
845 266 5 5:216544832 216544832 13 G A 0.476 3.031955 0.8096544 4.670788 5.145403 0.0002225426 0.0002186373 0.0003715564 scaffold_5
860 537 6 6:79420463 79420463 10 C T 0.392 -2.958263 0.8571273 3.494541 3.755224 0.0006511434 0.0006215083 0.000827123 scaffold_6
866 112 6 6:91730616 91730616 22 C A 0.017 -12.19892 2.982498 3.829277 4.137242 5.759038e-05 5.231242e-05 8.939046e-05 scaffold_6
872 936 6 6:97395386 97395386 19 C G 0.329 2.924287 0.8971462 3.683253 3.974993 0.001265304 0.001189693 0.001501522 scaffold_6
881 929 6 6:108873191 108873191 17 G A 0.439 -2.623962 0.8015669 3.387535 3.631699 0.00120665 0.001179777 0.001504191 scaffold_6
884 796 6 6:111192317 111192317 14 T A 0.156 -3.73852 1.129694 3.645094 3.924995 0.001068015 0.001006318 0.001285278 scaffold_6
889 588 6 6:113231865 113231865 10 A G 0.052 -5.856634 1.715745 3.644408 3.948604 0.0007442501 0.0006979053 0.0009180396 scaffold_6
894 214 6 6:122817963 122817963 10 A G 0.032 -7.023522 2.140278 4.873433 1e+05 0.001174067 0.00016717 0.001851469 scaffold_6
896 794 6 6:129010404 129010404 22 A G 0.115 -3.929891 1.188007 4.043611 4.388476 0.001072975 0.001002701 0.001321951 scaffold_6
898 888 6 6:130341896 130341896 26 C T 0.164 -3.568977 1.083053 3.294578 3.530398 0.001120504 0.001117742 0.001445942 scaffold_6
902 722 6 6:137840099 137840099 15 C G 0.083 -4.617957 1.384009 3.981326 4.374802 0.0009722604 0.0009039284 0.001194075 scaffold_6
903 631 6 6:139585774 139585774 25 C T 0.364 -2.837193 0.8370042 3.676154 3.98327 0.0008088196 0.0007569556 0.0009898929 scaffold_6
919 536 6 6:153998467 153998467 23 C T 0.202 -3.540093 1.027975 3.741226 4.098741 0.0006689259 0.0006214227 0.0008291809 scaffold_6
926 425 6 6:157336850 157336850 23 G A 0.263 3.557297 1.000095 3.386564 3.624843 0.000445994 0.0004324625 0.000598542 scaffold_6
930 987 6 6:159211759 159211759 7 C T 0.25 -3.022402 0.9334226 4.024659 4.431989 0.001360863 0.001269851 0.001644424 scaffold_6
942 661 6 6:162924583 162924583 16 G A 0.245 -3.39028 0.9913099 2.974477 3.195996 0.0007273577 0.0008067397 0.001135513 scaffold_6
943 924 6 6:163420275 163420275 13 G A 0.097 -4.93858 1.478963 2.810036 3.010881 0.0009636964 0.001170791 0.001689873 scaffold_6
944 612 6 6:163547361 163547361 7 G C 0.177 3.415015 1.003799 3.534842 3.808747 0.0007745316 0.0007358015 0.0009640792 scaffold_6
957 648 6 6:167028921 167028921 12 C T 0.058 -5.424505 1.606458 3.959186 4.316051 0.0008463513 0.000786305 0.001046915 scaffold_6
993 988 7 7:9084271 9084271 24 G A 0.274 -2.935055 0.8844006 2.791895 2.995287 0.001034229 0.00127047 0.001842197 scaffold_7
998 923 7 7:11671971 11671971 20 C G 0.288 2.860672 0.8716337 3.299092 3.558339 0.001172581 0.001167601 0.001498062 scaffold_7
1005 356 7 7:18233966 18233966 13 T C 0.151 -4.057761 1.125994 3.740506 4.047631 0.0003761031 0.0003484768 0.0004881246 scaffold_7
1009 180 7 7:31924358 31924358 25 C T 0.347 -3.318979 0.8553803 3.632586 3.909187 0.0001324975 0.0001226098 0.0001894477 scaffold_7
1010 165 7 7:45574191 45574191 22 G C 0.115 -4.88509 1.24655 4.559057 5.007784 0.0001139073 0.0001094643 0.0001930077 scaffold_7
1012 368 7 7:107389109 107389109 23 T C 0.059 -6.223506 1.717544 3.134882 3.350014 0.0003497602 0.0003616695 0.0005283956 scaffold_7
1014 530 7 7:111354962 111354962 16 T G 0.01 -8.095267 3.05851 5.319986 1e+05 0.00862352 0.0006048706 0.01549558 scaffold_7
1029 117 7 7:132945435 132945435 6 A G 0.141 -5.640018 1.383358 3.353631 3.637909 6.072891e-05 5.801889e-05 9.797416e-05 scaffold_7
1032 872 7 7:137375965 137375965 13 T C 0.381 -2.707774 0.8231399 3.503224 3.74323 0.001142608 0.001095762 0.001394898 scaffold_7
1035 793 7 7:141582541 141582541 5 G A 0.104 5.271584 1.57164 3.007816 3.227019 0.0009150895 0.001002547 0.001380622 scaffold_7
1036 13 7 7:142818968 142818968 18 A T 0.039 -8.817108 1.861935 4.259646 4.766021 3.603102e-06 3.212539e-06 8.41485e-06 scaffold_7
1037 233 7 7:143993094 143993094 16 T A 0.298 -3.903336 1.028254 3.13017 3.355137 0.0001831311 0.0001884073 0.0002913464 scaffold_7
1040 930 7 7:146739629 146739629 21 T C 0.256 -3.264287 0.9783884 2.807983 3.004624 0.000973135 0.001184278 0.001714264 scaffold_7
1046 426 7 7:153319146 153319146 22 A T 0.404 -2.868644 0.8074411 3.447806 3.730212 0.0004528355 0.0004332176 0.0005951534 scaffold_7
1049 115 7 7:155781818 155781818 11 T C 0.338 -3.816709 0.9365977 4.077955 4.442715 6.121379e-05 5.58274e-05 9.712124e-05 scaffold_7
1050 37 7 7:157479078 157479078 11 T C 0.24 -4.184235 0.9426717 3.379258 3.639972 1.340318e-05 1.257459e-05 2.559441e-05 scaffold_7
1051 813 7 7:157634020 157634020 17 G C 0.289 2.742119 0.8309707 4.087809 4.514716 0.00110301 0.001029256 0.001367245 scaffold_7
1053 287 7 7:159030080 159030080 5 C T 0.182 -3.884563 1.053251 3.716848 4.064804 0.0002752196 0.0002537523 0.0003662358 scaffold_7
1054 401 7 7:159464747 159464747 26 G A 0.209 -3.724652 1.039938 3.303659 3.550556 0.0004077549 0.0004018305 0.0005634072 scaffold_7
1055 803 7 7:159949064 159949064 11 C T 0.344 -2.849773 0.8447385 2.848881 3.049119 0.000855621 0.001014618 0.001469143 scaffold_7
1060 257 7 7:162439085 162439085 23 T A 0.378 3.221322 0.8623741 3.80769 4.130764 0.0002305259 0.0002120208 0.0003124057 scaffold_7
1061 242 7 7:162841273 162841273 8 A G 0.164 4.251704 1.12726 3.197389 3.425841 0.0002009368 0.000202502 0.0003076088 scaffold_7
1062 438 7 7:163272516 163272516 11 A G 0.072 5.473694 1.54958 3.922955 4.26018 0.0004874697 0.0004509478 0.0006258348 scaffold_7
1063 317 7 7:163963510 163963510 20 G A 0.212 -3.856123 1.055666 4.240035 4.728124 0.0003139049 0.0002924511 0.0004412294 scaffold_7
1064 218 7 7:164290786 164290786 4 A G 0.183 4.523455 1.187776 3.274409 3.500953 0.0001747465 0.0001722692 0.0002632224 scaffold_7
1065 437 7 7:164704500 164704500 20 T C 0.168 4.297077 1.202192 3.032761 3.233225 0.0004186582 0.0004505132 0.0006671685 scaffold_7
1066 863 7 7:165401521 165401521 26 A G 0.232 -3.43228 1.044326 3.690011 3.996759 0.001154231 0.001083521 0.001377928 scaffold_7
1068 128 7 7:165853850 165853850 8 G C 0.079 -6.322334 1.626423 3.662605 1e+05 0.0001288689 6.922007e-05 0.0001836634 scaffold_7
1073 365 7 7:168145964 168145964 8 A G 0.36 -3.044631 0.8468146 3.818353 4.146671 0.0003877391 0.0003582679 0.0005029904 scaffold_7
1077 946 7 7:170072050 170072050 6 G T 0.106 -5.253241 1.615036 3.84454 4.192379 0.001294893 0.001206579 0.001537572 scaffold_7
1078 201 7 7:170683014 170683014 12 A G 0.159 -4.052285 1.058134 3.609385 3.914528 0.0001610306 0.0001493246 0.0002261253 scaffold_7
1083 891 7 7:172086044 172086044 15 T G 0.311 -2.918664 0.8868592 3.346129 3.60032 0.001136993 0.001120572 0.001436567 scaffold_7
1085 42 7 7:172542729 172542729 5 A C 0.123 -5.806203 1.294931 2.683301 2.85794 1.102436e-05 1.386699e-05 3.321846e-05 scaffold_7
1089 974 7 7:173492416 173492416 13 C G 0.151 -3.987837 1.220646 3.226117 3.481574 0.001233781 0.001253418 0.001612676 scaffold_7
1095 14 7 7:175488767 175488767 12 T C 0.064 -8.345981 1.719102 2.391589 2.530283 2.08525e-06 3.33977e-06 1.176983e-05 scaffold_7
1096 236 7 7:175879334 175879334 16 G T 0.416 -3.07897 0.8158975 3.331243 3.576621 0.0001994115 0.0001939867 0.0002903594 scaffold_7
1114 120 8 8:5162813 5162813 13 C T 0.194 4.023376 1.001902 5.20831 1e+05 7.767737e-05 5.971936e-05 0.0001766633 scaffold_8
1133 10 8 8:13440567 13440567 10 T C 0.014 -14.27486 2.980776 4.078691 4.442875 2.823376e-06 2.49949e-06 6.55521e-06 scaffold_8
1134 568 8 8:13555817 13555817 25 G A 0.169 -3.485369 1.016834 4.216336 4.63754 0.0007079952 0.0006643875 0.0009315398 scaffold_8
1135 719 8 8:14347653 14347653 15 G A 0.022 -8.0949 2.4251 4.017432 4.382715 0.0009678676 0.0009013359 0.001196201 scaffold_8
1149 267 8 8:26675302 26675302 9 A G 0.071 -6.261023 1.674392 3.363706 3.606883 0.0002271868 0.0002199512 0.000324185 scaffold_8
1150 146 8 8:37452195 37452195 25 C T 0.417 -3.411348 0.8563323 3.186833 3.460059 8.824525e-05 8.828182e-05 0.0001446396 scaffold_8
1151 69 8 8:64408836 64408836 8 T C 0.093 -5.96027 1.402862 3.754102 4.084411 3.002391e-05 2.715144e-05 4.994049e-05 scaffold_8
1152 742 8 8:72494481 72494481 20 G A 0.064 5.150475 1.542227 4.502158 5.008559 0.0009623068 0.0009323206 0.001348876 scaffold_8
1155 345 8 8:90897783 90897783 16 A G 0.237 3.470031 0.9605098 3.864374 4.196487 0.0003639156 0.0003356469 0.000475838 scaffold_8
1158 186 8 8:106472813 106472813 17 T G 0.441 3.180178 0.8212266 3.300036 3.559174 0.0001364892 0.0001331409 0.0002070713 scaffold_8
1160 833 8 8:112731470 112731470 9 T C 0.048 -5.917795 1.795324 3.596277 3.871949 0.001116934 0.001057876 0.001345692 scaffold_8
1165 243 8 8:123035443 123035443 9 T C 0.351 -3.227055 0.8590172 3.403081 3.715473 0.0002127249 0.000203333 0.00029967 scaffold_8
1168 583 8 8:135013618 135013618 22 G A 0.044 -6.502622 1.899826 4.37723 4.893908 0.0007203667 0.0006843514 0.0009883779 scaffold_8
1169 140 8 8:138522578 138522578 16 C T 0.088 -5.292136 1.329972 4.008444 4.369743 8.984711e-05 8.192252e-05 0.000135656 scaffold_8
1170 9 8 8:141363732 141363732 13 A G 0.02 -9.785872 2.425515 7.706926 1e+05 7.204772e-05 2.138863e-06 0.0004656901 scaffold_8
1172 264 8 8:144817345 144817345 14 T A 0.103 -4.851463 1.385321 3.922 1e+05 0.0005436067 0.000216925 0.000692059 scaffold_8
1177 398 8 8:150596784 150596784 22 G A 0.253 -3.193426 0.8952302 3.73401 4.057535 0.0004297851 0.0003982236 0.0005513907 scaffold_8
1179 376 8 8:152566408 152566408 7 G A 0.122 -4.359366 1.216317 3.806594 4.181625 0.0004041117 0.000372582 0.0005219816 scaffold_8
1180 91 8 8:156015131 156015131 26 C A 0.183 -4.4187 1.0564 3.070688 3.29008 3.944981e-05 4.082816e-05 7.538241e-05 scaffold_8
1186 694 8 8:159992153 159992153 10 G A 0.43 -2.935117 0.8726276 3.416156 3.682866 0.0008859199 0.0008585367 0.001116698 scaffold_8
1187 947 8 8:161315842 161315842 4 T C 0.226 -3.15734 0.9636649 3.244117 3.474846 0.001195036 0.001209142 0.001565525 scaffold_8
1188 72 8 8:161775156 161775156 21 T C 0.046 -7.860781 1.849873 4.446858 4.976658 2.993487e-05 2.784096e-05 5.614536e-05 scaffold_8
1190 210 8 8:163291772 163291772 6 C T 0.302 -3.338983 0.8649562 2.899494 3.105338 0.000143084 0.0001618362 0.0002702997 scaffold_8
1194 730 8 8:164836561 164836561 15 T C 0.012 -7.759614 2.975047 5.023966 1e+05 0.009629702 0.0009143725 0.01491277 scaffold_8
1202 435 8 8:167121766 167121766 7 C T 0.344 -3.000651 0.8555468 4.795724 1e+05 0.0005334894 0.0004504038 0.0008624501 scaffold_8
1204 894 8 8:167651344 167651344 13 C T 0.498 2.59771 0.7903807 3.401886 3.658014 0.001154 0.001124267 0.001434959 scaffold_8
1220 918 8 8:171569733 171569733 21 C T 0.16 -3.994228 1.185836 2.676458 2.864881 0.0008714535 0.001156903 0.001767727 scaffold_8
1222 30 8 8:172008408 172008408 15 T C 0.317 -3.6691 0.8095029 3.023421 3.236653 8.910187e-06 9.258378e-06 2.083225e-05 scaffold_8
1227 31 8 8:173352908 173352908 26 G C 0.281 -4.121986 0.9133387 3.230119 3.526932 9.701865e-06 9.373231e-06 1.997348e-05 scaffold_8
1229 433 8 8:174092406 174092406 18 A C 0.342 2.943906 0.8269132 4.854716 5.382688 0.000440918 0.0004494476 0.0007510011 scaffold_8
1230 802 8 8:174166862 174166862 16 G A 0.202 -3.210868 0.9692097 3.461936 3.748366 0.001055095 0.001014447 0.001298144 scaffold_8
1239 219 9 9:1258776 1258776 11 C T 0.182 -3.925049 1.034502 3.524875 3.857447 0.0001844911 0.0001727465 0.0002578005 scaffold_9
1246 148 9 9:4401490 4401490 11 G A 0.444 3.43296 0.868468 3.440081 3.682069 9.966495e-05 9.439956e-05 0.0001508395 scaffold_9
1247 970 9 9:4771389 4771389 24 A G 0.333 2.86438 0.8804311 3.491229 3.769941 0.001291941 0.001240004 0.001561527 scaffold_9
1248 232 9 9:5020214 5020214 14 C A 0.115 -5.27052 1.394567 3.424407 3.680858 0.0001952079 0.0001864408 0.0002777578 scaffold_9
1259 475 9 9:9317606 9317606 8 G A 0.051 -8.178249 2.333186 3.429444 3.712589 0.0005375295 0.0005170308 0.0006998698 scaffold_9
1263 23 9 9:11081423 11081423 18 G A 0.146 -5.254724 1.143247 3.452987 3.732495 6.725504e-06 6.185286e-06 1.378235e-05 scaffold_9
1277 827 9 9:18101337 18101337 10 < C 0.488 -2.750431 0.8285069 3.20366 3.448369 0.001030505 0.001051862 0.001380293 scaffold_9
1282 455 9 9:20441702 20441702 7 G A 0.439 -3.380497 0.9570339 3.28383 3.554242 0.0004876599 0.0004832991 0.0006652253 scaffold_9
1285 380 9 9:22793547 22793547 9 C T 0.137 -4.552971 1.261859 3.208558 3.442768 0.0003700453 0.0003738292 0.0005347248 scaffold_9
1288 113 9 9:25820882 25820882 12 T C 0.243 -4.13294 1.004639 3.134387 3.371664 5.231264e-05 5.303981e-05 9.33511e-05 scaffold_9
1289 650 9 9:26593222 26593222 24 G A 0.424 2.897456 0.8581871 3.705822 4.016545 0.0008476318 0.0007925752 0.00103357 scaffold_9
1291 253 9 9:42836922 42836922 8 T C 0.419 -3.773062 0.9941821 2.881008 3.06318 0.000183789 0.0002109581 0.0003475944 scaffold_9
1292 875 9 9:91847467 91847467 12 G C 0.498 2.700541 0.8132953 3.068778 3.282463 0.00102786 0.001100737 0.001486035 scaffold_9
1295 528 9 9:103258999 103258999 12 A G 0.056 -6.504654 1.843804 2.801779 2.973647 0.000495491 0.000601626 0.0009366678 scaffold_9
1296 878 9 9:103282509 103282509 14 G A 0.065 -5.406379 1.648596 3.751742 4.111167 0.001182922 0.001104508 0.001408293 scaffold_9
1298 476 9 9:109630682 109630682 9 G C 0.105 -4.744087 1.353268 3.420866 3.689526 0.0005366329 0.0005170591 0.0007010063 scaffold_9
1299 151 9 9:112008260 112008260 15 G A 0.114 -5.301191 1.326075 2.860158 3.048877 8.347891e-05 9.597798e-05 0.0001725346 scaffold_9
1303 532 9 9:120611574 120611574 20 A G 0.253 -3.475663 0.9894063 2.866443 3.049275 0.0005228983 0.0006115553 0.0009257333 scaffold_9
1305 381 9 9:125632513 125632513 21 T C 0.046 -6.123043 1.967909 4.619622 1e+05 0.002070144 0.0003746605 0.002854247 scaffold_9
1307 67 9 9:128581574 128581574 25 C T 0.174 -4.743946 1.113185 4.472904 4.913595 2.84439e-05 2.665943e-05 5.408708e-05 scaffold_9
1308 97 9 9:129522511 129522511 24 T C 0.167 -4.839376 1.169588 3.452904 3.721755 4.747173e-05 4.449205e-05 7.710951e-05 scaffold_9
1317 702 9 9:139149323 139149323 11 C G 0.256 -3.12016 0.9307529 3.611726 3.930065 0.0009211136 0.0008675533 0.001121034 scaffold_9
1318 174 9 9:139640422 139640422 12 A G 0.092 -5.274528 1.355152 4.04304 4.499875 0.000126416 0.0001152723 0.0001855721 scaffold_9
1324 522 9 9:142555195 142555195 11 C T 0.118 -4.173841 1.241729 4.348534 1e+05 0.0008927874 0.0005962017 0.001193448 scaffold_9
1355 227 9 9:153484580 153484580 10 G T 0.41 -2.949127 0.7768965 3.244785 3.500889 0.0001831626 0.0001816321 0.0002756714 scaffold_9
1356 145 9 9:153690473 153690473 21 C T 0.242 -3.65049 0.9194734 3.562064 3.856344 9.308282e-05 8.635664e-05 0.0001384743 scaffold_9
1363 908 9 9:155357317 155357317 17 T G 0.164 -3.349837 1.018337 3.31493 3.551993 0.001142805 0.001134822 0.00146231 scaffold_9
1369 59 10 10:625902 625902 21 T A 0.29 -4.34298 1.012926 3.728622 4.151636 2.551114e-05 2.293902e-05 4.316619e-05 scaffold_10
1370 909 10 10:1029625 1029625 6 T C 0.455 -2.726588 0.8334108 3.730481 4.075375 0.001214627 0.001135747 0.001443043 scaffold_10
1380 829 10 10:3991396 3991396 3 G A 0.081 4.883156 1.481607 4.196057 4.57389 0.001118372 0.001054548 0.001417656 scaffold_10
1381 555 10 10:4073955 4073955 24 C T 0.162 -4.042514 1.157862 2.913582 3.098991 0.0005647954 0.0006448162 0.0009586581 scaffold_10
1400 189 10 10:9470858 9470858 20 T C 0.301 -3.515 0.9102192 3.449038 3.725975 0.0001423021 0.0001346933 0.0002068393 scaffold_10
1407 163 10 10:14570633 14570633 20 C A 0.326 -3.445483 0.8770125 3.349568 3.594462 0.0001096287 0.0001056368 0.0001678983 scaffold_10
1413 855 10 10:76603040 76603040 7 G T 0.187 -3.439551 1.03701 3.164365 3.391397 0.001040985 0.00107727 0.001424296 scaffold_10
1415 752 10 10:86957620 86957620 12 C T 0.384 -2.813854 0.8393753 3.171158 3.403134 0.0009210439 0.0009492745 0.001265343 scaffold_10
1416 801 10 10:90914560 90914560 11 G A 0.012 11.57514 3.502659 3.794491 4.092232 0.001085149 0.001012916 0.001300768 scaffold_10
1418 439 10 10:105065961 105065961 12 A G 0.09 -5.045832 1.423547 3.385144 3.670587 0.0004664978 0.0004514972 0.0006197336 scaffold_10
1419 339 10 10:111024463 111024463 2 G C 0.361 -3.41808 0.9417979 3.442936 3.681396 0.00034234 0.0003276613 0.0004631658 scaffold_10
1422 255 10 10:118856844 118856844 9 G A 0.069 -6.193198 1.652204 3.381281 3.646566 0.0002194585 0.000211339 0.0003116527 scaffold_10
1423 237 10 10:122867287 122867287 25 C T 0.106 -5.339751 1.418207 3.434457 3.703785 0.000206013 0.0001963674 0.0002906531 scaffold_10
1425 366 10 10:127284313 127284313 9 C T 0.444 2.920819 0.8125218 3.95955 4.319289 0.0003886411 0.0003587477 0.0005102214 scaffold_10
1430 302 10 10:132268070 132268070 10 C A 0.396 3.113835 0.8456243 3.446054 3.695979 0.0002813149 0.0002685437 0.000386128 scaffold_10
1437 100 10 10:136504791 136504791 21 G A 0.05 -5.771213 1.650183 6.003681 1e+05 0.0005528939 4.643773e-05 0.001515281 scaffold_10
1439 131 10 10:137777945 137777945 25 T C 0.426 -3.317063 0.812082 2.72741 2.912716 5.889373e-05 7.306297e-05 0.0001420577 scaffold_10
1440 383 10 10:138051713 138051713 10 C G 0.412 2.946986 0.8160064 3.137709 3.362361 0.000365553 0.0003775819 0.000547466 scaffold_10
1451 199 10 10:142348775 142348775 8 G A 0.172 -4.187334 1.092824 3.974836 4.396975 0.0001597892 0.0001458922 0.0002271841 scaffold_10
