6 9 1 1:3028346 3028346 14 A G 0.34 4.793587 1.067328 0.9810053 1.049519 1.067443e-05 1.107727e-05 2.446135e-05 scaffold_1
7 375 1 1:3352527 3352527 8 C T 0.059 7.266087 2.12493 1.465725 1.596823 0.0007287699 0.0006887357 0.0009511781 scaffold_1
18 373 1 1:7033557 7033557 20 C T 0.237 4.700151 1.372693 1.191042 1.277576 0.0007171034 0.0006836095 0.0009024609 scaffold_1
42 629 1 1:20112726 20112726 13 < C 0.383 3.428549 1.033704 0.9026979 0.9696951 0.00104112 0.001238181 0.001785868 scaffold_1
43 987 1 1:21697952 21697952 24 A C 0.124 -4.785315 1.541049 1.294117 1.403317 0.002112523 0.001992141 0.002429666 scaffold_1
45 442 1 1:22775397 22775397 15 C T 0.128 -5.326605 1.574173 1.068676 1.13987 0.0008257905 0.0008350153 0.001118677 scaffold_1
59 821 1 1:35226446 35226446 17 C T 0.248 3.575118 1.131707 1.431079 1.54528 0.001770634 0.00167869 0.002139356 scaffold_1
60 153 1 1:35838060 35838060 9 < T 0.034 10.25338 2.761526 1.37897 1.502088 0.0002508512 0.0002321443 0.0003429655 scaffold_1
61 468 1 1:37015814 37015814 21 G A 0.477 -3.425673 1.023324 1.196099 1.286989 0.0009362149 0.0008925728 0.001152413 scaffold_1
64 286 1 1:42182936 42182936 24 C T 0.219 4.272064 1.208454 1.074378 1.151226 0.00048261 0.0004829802 0.0006758079 scaffold_1
80 995 1 1:67146471 67146471 14 G A 0.364 3.342041 1.066453 1.02572 1.103448 0.001924163 0.002021648 0.002569904 scaffold_1
82 757 1 1:72020949 72020949 4 T G 0.018 14.50618 4.542604 1.119752 1.185978 0.00158018 0.001563998 0.001969907 scaffold_1
84 844 1 1:75782568 75782568 14 T C 0.079 -5.763833 1.820154 1.116459 1.196888 0.00172657 0.001708446 0.002133661 scaffold_1
85 279 1 1:78639738 78639738 10 A G 0.046 9.018847 2.537033 1.013797 1.074172 0.0004493701 0.0004708261 0.0006832067 scaffold_1
87 467 1 1:82025532 82025532 16 C T 0.143 -5.152155 1.515762 0.9342128 1.00235 0.0007828078 0.0008921674 0.001277201 scaffold_1
90 281 1 1:90236155 90236155 18 G A 0.28 4.324629 1.22304 1.109748 1.182487 0.0004811912 0.0004725982 0.0006554924 scaffold_1
91 663 1 1:93253971 93253971 24 C A 0.428 -3.458009 1.067443 1.17575 1.271764 0.001353788 0.00130279 0.001635872 scaffold_1
92 158 1 1:97119187 97119187 8 T C 0.229 -4.700956 1.268508 1.239356 1.324214 0.0002575676 0.0002406073 0.0003476634 scaffold_1
94 10 1 1:120372253 120372253 3 C G 0.471 -4.641967 1.044731 1.226249 1.307837 1.314417e-05 1.198215e-05 2.434825e-05 scaffold_1
95 203 1 1:147208720 147208720 16 C G 0.286 -4.276094 1.173781 1.112387 1.185438 0.0003254684 0.0003179211 0.0004568687 scaffold_1
96 187 1 1:158650924 158650924 10 C G 0.478 3.731297 1.022839 1.459652 1.580183 0.0003195385 0.0002998246 0.0004428189 scaffold_1
97 556 1 1:162606876 162606876 19 C T 0.196 -4.280558 1.301437 1.26898 1.359642 0.001144426 0.001077626 0.001369843 scaffold_1
98 289 1 1:170869962 170869962 12 A G 0.07 7.386383 2.096842 1.559956 1.689685 0.0005048964 0.0004878493 0.000721271 scaffold_1
99 94 1 1:173337802 173337802 20 G A 0.301 -4.879155 1.256497 1.090667 1.162011 0.000130951 0.0001283377 0.0002026261 scaffold_1
115 864 1 1:197105861 197105861 12 T C 0.315 -3.507955 1.105015 1.032348 1.103613 0.001681962 0.001756792 0.002264244 scaffold_1
121 594 1 1:203305008 203305008 22 T A 0.031 -9.58757 2.867063 0.8944642 0.9536441 0.0009477921 0.001140346 0.001682263 scaffold_1
127 357 1 1:210951666 210951666 26 G C 0.234 4.44148 1.290282 1.145544 1.228302 0.0006724798 0.0006509145 0.0008688619 scaffold_1
128 988 1 1:212115209 212115209 16 C T 0.41 -3.0854 0.9929812 1.237258 1.340581 0.002098958 0.001993684 0.002421824 scaffold_1
138 628 1 1:225932472 225932472 11 G T 0.326 -3.525378 1.084797 1.272299 1.36525 0.001307656 0.001232533 0.001551294 scaffold_1
139 123 1 1:227725436 227725436 11 A G 0.01 -19.39309 5.125287 1.098825 1.17803 0.0001919066 0.0001877823 0.0002834701 scaffold_1
141 525 1 1:229801708 229801708 19 C G 0.012 -16.78526 4.988777 0.930806 0.9879053 0.0008826484 0.001012857 0.001469111 scaffold_1
142 873 1 1:230272109 230272109 5 T C 0.014 -14.37702 4.479273 0.9159842 0.9626171 0.001496441 0.001762398 0.00253808 scaffold_1
143 702 1 1:232580868 232580868 8 A G 0.449 3.251759 1.012149 1.461598 1.578016 0.001481249 0.001410542 0.001835797 scaffold_1
144 649 1 1:235627974 235627974 11 T G 0.156 -4.891703 1.510207 1.248541 1.344889 0.001355751 0.001281767 0.001607209 scaffold_1
145 2 1 1:237807937 237807937 21 T A 0.085 9.217118 1.944988 1.25246 1.342397 3.547056e-06 3.177261e-06 7.766091e-06 scaffold_1
147 228 1 1:241892069 241892069 8 T C 0.126 -5.341613 1.479321 1.079723 1.152386 0.0003663865 0.0003648632 0.0005227113 scaffold_1
148 756 1 1:242538248 242538248 18 T C 0.23 3.831128 1.204967 1.260765 1.370127 0.001655017 0.00156263 0.001933081 scaffold_1
150 434 1 1:246473618 246473618 13 A G 0.192 -4.390914 1.302005 1.201116 1.289881 0.0008589916 0.0008176083 0.001062771 scaffold_1
151 164 1 1:248744193 248744193 5 A G 0.148 -5.04673 1.336697 0.8324218 0.8827404 0.0001980511 0.000257805 0.0004713207 scaffold_1
152 533 1 1:252052739 252052739 4 A G 0.078 6.488174 1.952191 1.077152 1.157797 0.001017175 0.001023984 0.001339675 scaffold_1
153 225 1 1:253095034 253095034 16 T G 0.447 3.666525 1.017914 1.205867 1.308573 0.0003784749 0.0003565463 0.0004968911 scaffold_1
154 531 1 1:253451004 253451004 11 A G 0.196 4.166831 1.25824 1.170884 1.251915 0.001059577 0.001020016 0.001309118 scaffold_1
158 80 1 1:257289795 257289795 9 T A 0.47 -3.841239 0.9783915 1.034661 1.115941 0.0001107451 0.000112215 0.0001821645 scaffold_1
166 790 1 1:267975057 267975057 12 C T 0.082 6.50373 2.04484 1.137302 1.219902 0.001648924 0.001616025 0.002012982 scaffold_1
170 160 1 1:273933155 273933155 7 G A 0.067 -7.126049 1.915462 1.06654 1.141492 0.000244038 0.0002439331 0.0003640538 scaffold_1
172 329 1 1:275704580 275704580 4 A G 0.076 6.896743 1.984746 1.291555 1.406323 0.0005990065 0.0005582852 0.0007508553 scaffold_1
174 860 1 1:277314553 277314553 25 C G 0.237 -3.813412 1.210346 1.198925 1.282705 0.001820214 0.001745962 0.002145103 scaffold_1
185 515 1 1:285854864 285854864 14 C G 0.123 -5.047281 1.52095 1.222334 1.317546 0.001034902 0.0009809484 0.001255285 scaffold_1
186 859 1 1:287060842 287060842 9 G C 0.143 -4.526583 1.435531 1.184275 1.268631 0.001804877 0.001738915 0.002139798 scaffold_1
189 470 1 1:288936221 288936221 17 C T 0.35 3.858372 1.153758 1.234275 1.336084 0.0009473334 0.0008944797 0.001152788 scaffold_1
195 836 1 1:292486139 292486139 7 T C 0.169 -4.726998 1.497577 1.430347 1.552625 0.001786021 0.001693127 0.002151621 scaffold_1
199 424 1 1:294575593 294575593 8 T C 0.375 -3.503707 1.030711 1.04248 1.108121 0.0007821036 0.0008047248 0.001102738 scaffold_1
201 926 1 1:295353258 295353258 18 G A 0.158 4.360673 1.383434 1.047677 1.11791 0.001811922 0.001872445 0.002390254 scaffold_1
204 582 1 1:296740079 296740079 10 C T 0.096 -6.488022 1.979197 1.340789 1.433394 0.001188069 0.001115793 0.001426326 scaffold_1
205 430 1 1:297133015 297133015 22 A G 0.065 -6.974017 2.068808 1.233034 1.329578 0.0008631666 0.0008148668 0.001057976 scaffold_1
210 87 1 1:301043619 301043619 24 C T 0.179 -5.186928 1.332566 1.271315 1.378597 0.000126301 0.0001164042 0.0001811094 scaffold_1
211 420 1 1:301227118 301227118 23 C G 0.21 -4.388005 1.296513 1.175594 1.261374 0.0008237216 0.0007900392 0.00103252 scaffold_1
227 493 2 2:4354968 4354968 18 C G 0.294 -3.723117 1.102179 0.962983 1.026208 0.0008426109 0.000931031 0.001325091 scaffold_2
232 198 2 2:5689661 5689661 13 C A 0.286 -4.139582 1.138546 1.303181 1.393522 0.00033419 0.0003105858 0.0004395625 scaffold_2
249 347 2 2:12109352 12109352 10 A G 0.032 10.86613 3.107014 1.899041 2.090654 0.0005529469 0.000621814 0.001087578 scaffold_2
265 13 2 2:19949730 19949730 7 T G 0.443 -4.395016 1.013005 1.341864 1.439984 2.056787e-05 1.860636e-05 3.60332e-05 scaffold_2
272 291 2 2:25350396 25350396 16 C T 0.373 -3.681068 1.048283 1.368381 1.486891 0.0005254509 0.0004892387 0.0006739335 scaffold_2
277 394 2 2:29559575 29559575 16 A T 0.112 -5.36763 1.56191 1.005607 1.072712 0.0006860923 0.0007259362 0.001019576 scaffold_2
281 411 2 2:36989920 36989920 24 A C 0.342 -3.87651 1.144773 1.32763 1.436984 0.000818556 0.0007652636 0.001006401 scaffold_2
283 595 2 2:40054335 40054335 18 C A 0.479 -3.5082 1.054931 0.9425355 1.012182 0.001010232 0.001143398 0.001592495 scaffold_2
285 981 2 2:45570332 45570332 13 T G 0.234 -4.086412 1.300025 1.013857 1.081278 0.001864782 0.001980478 0.002559134 scaffold_2
291 344 2 2:112022331 112022331 12 G C 0.462 -3.689199 1.065946 1.152179 1.230745 0.0006293732 0.000607666 0.0008154567 scaffold_2
292 602 2 2:113814017 113814017 21 T A 0.123 5.547103 1.699322 1.381216 1.473385 0.001245069 0.001172585 0.001505952 scaffold_2
293 738 2 2:136764357 136764357 13 A G 0.012 -14.11069 4.403659 1.117057 1.198592 0.001523526 0.001505556 0.001894919 scaffold_2
294 564 2 2:142661883 142661883 20 C G 0.025 -10.25703 3.1211 1.314242 1.425436 0.001155203 0.001082083 0.001383526 scaffold_2
296 954 2 2:154925166 154925166 6 T G 0.043 -7.693656 2.469525 1.282042 1.393875 0.00204333 0.00192797 0.002354083 scaffold_2
298 785 2 2:165737166 165737166 22 A C 0.276 3.795931 1.197343 1.330569 1.43426 0.00170599 0.001605596 0.001996518 scaffold_2
299 183 2 2:172474327 172474327 16 C T 0.467 3.869027 1.038577 0.8743408 0.9408646 0.0002394567 0.000291603 0.0004784725 scaffold_2
300 551 2 2:175112688 175112688 6 T G 0.465 3.362784 1.007272 0.9618422 1.034483 0.0009660688 0.001069381 0.001476689 scaffold_2
302 546 2 2:179707420 179707420 25 A G 0.138 5.279913 1.603213 1.328323 1.443942 0.001128028 0.001055532 0.001355974 scaffold_2
304 234 2 2:181317126 181317126 12 G T 0.169 -4.782336 1.331255 1.170422 1.25318 0.0003920749 0.0003741288 0.0005217479 scaffold_2
307 369 2 2:184906684 184906684 23 T C 0.122 -5.86015 1.711417 1.461984 1.569922 0.0007168154 0.0006788399 0.0009335593 scaffold_2
309 343 2 2:187031516 187031516 10 T C 0.036 8.872766 2.564633 1.53597 1.677944 0.000632282 0.0006066076 0.0008734773 scaffold_2
310 872 2 2:187287546 187287546 5 C T 0.033 8.338565 2.648881 1.187336 1.292763 0.001836612 0.001760782 0.002160103 scaffold_2
311 145 2 2:188089483 188089483 16 A G 0.312 4.207227 1.126513 1.582869 1.724432 0.0002311135 0.0002231377 0.000356958 scaffold_2
312 528 2 2:189443225 189443225 5 C T 0.465 3.255048 0.9812375 1.131397 1.216429 0.001039231 0.001015465 0.001311558 scaffold_2
313 485 2 2:189984019 189984019 17 T C 0.486 -3.71559 1.114447 1.310736 1.407566 0.0009811175 0.0009199071 0.001188383 scaffold_2
314 150 2 2:190618402 190618402 18 C T 0.198 -4.733027 1.248053 0.8733069 0.9320836 0.0001857733 0.0002261808 0.0003864915 scaffold_2
315 794 2 2:191154255 191154255 14 C T 0.474 -3.275379 1.026652 1.063937 1.137252 0.001596099 0.001628166 0.002081251 scaffold_2
317 549 2 2:193858437 193858437 18 T C 0.451 -3.510613 1.065638 1.449487 1.573781 0.001124017 0.001064279 0.001408994 scaffold_2
322 177 2 2:200113724 200113724 9 A C 0.323 4.017261 1.095285 1.178084 1.256607 0.0002969275 0.0002820604 0.0004035156 scaffold_2
331 951 2 2:210304734 210304734 12 C T 0.335 3.498042 1.114446 1.071613 1.148271 0.001892678 0.001924284 0.002415526 scaffold_2
335 182 2 2:212319473 212319473 7 G A 0.012 -17.24011 4.718265 1.319626 1.427902 0.0003126045 0.0002895118 0.000414011 scaffold_2
336 644 2 2:213478913 213478913 16 A T 0.267 3.779521 1.165867 1.236931 1.342236 0.001343401 0.001270766 0.001594344 scaffold_2
339 977 2 2:215170711 215170711 7 A G 0.128 -4.548057 1.452213 1.068634 1.159651 0.001936706 0.001968007 0.002455768 scaffold_2
340 100 2 2:215800269 215800269 25 C A 0.356 4.134336 1.075638 1.448287 1.559949 0.000152604 0.0001419868 0.0002247058 scaffold_2
342 492 2 2:217553607 217553607 4 G A 0.477 3.304504 0.9892512 1.144824 1.241952 0.0009597427 0.0009309914 0.001203412 scaffold_2
343 191 2 2:218017812 218017812 14 T C 0.237 4.389793 1.194965 1.004354 1.086028 0.0002905966 0.0003045838 0.0004537194 scaffold_2
347 548 2 2:221523995 221523995 10 G A 0.088 5.803178 1.755555 1.119515 1.198761 0.001081678 0.001063375 0.001376805 scaffold_2
357 831 2 2:229816887 229816887 14 C T 0.172 -4.133479 1.310229 1.364008 1.480163 0.001795793 0.00169048 0.002110536 scaffold_2
363 592 2 2:233051754 233051754 8 C G 0.069 -6.439952 1.96673 1.430044 1.536392 0.001202949 0.00113788 0.001487312 scaffold_2
365 418 2 2:233662040 233662040 10 A C 0.076 -6.294786 1.844027 1.012777 1.08029 0.0007438745 0.0007827025 0.001090138 scaffold_2
371 120 2 2:235826118 235826118 23 T C 0.021 -13.51228 3.566966 1.1379 1.223101 0.000188741 0.0001810745 0.0002715716 scaffold_2
411 481 3 3:9316084 9316084 12 G A 0.295 -3.969253 1.171906 0.9568404 1.008353 0.0008164549 0.0009093597 0.001323602 scaffold_3
415 812 3 3:11037709 11037709 22 C T 0.427 -3.344546 1.050536 1.070525 1.144287 0.001632028 0.001656927 0.002116377 scaffold_3
429 782 3 3:21413493 21413493 19 A T 0.322 3.731789 1.160202 0.9754905 1.055718 0.001462659 0.001602761 0.00210898 scaffold_3
432 18 3 3:28010322 28010322 12 A G 0.038 -10.84 2.477069 0.8165627 0.8762733 1.753168e-05 2.280723e-05 5.274787e-05 scaffold_3
433 133 3 3:31533561 31533561 17 A G 0.023 -12.1283 3.233654 1.202926 1.292343 0.0002176383 0.0002043205 0.0003002986 scaffold_3
434 167 3 3:43473360 43473360 21 G C 0.287 -4.356286 1.179196 1.083599 1.147118 0.0002690018 0.0002667614 0.0003951469 scaffold_3
435 314 3 3:44357514 44357514 16 G A 0.382 3.779717 1.081422 1.210556 1.289235 0.0005572228 0.0005276881 0.0007113319 scaffold_3
436 410 3 3:62772251 62772251 2 G C 0.058 -9.257927 2.732377 1.376292 1.479575 0.0008129724 0.0007618177 0.001010998 scaffold_3
438 1 3 3:122927267 122927267 23 A G 0.019 -17.43557 3.537338 0.9492594 1.01981 1.476936e-06 1.55021e-06 4.642026e-06 scaffold_3
440 93 3 3:135201372 135201372 12 A G 0.38 4.033494 1.036481 1.044773 1.113534 0.0001267495 0.0001278547 0.0002060216 scaffold_3
441 339 3 3:139185543 139185543 9 T C 0.282 3.83778 1.102724 1.661804 1.802688 0.000587598 0.000589712 0.0009059078 scaffold_3
442 391 3 3:145509547 145509547 23 T C 0.456 3.846389 1.129809 1.287435 1.381157 0.0007681287 0.0007196189 0.0009456868 scaffold_3
449 516 3 3:158940990 158940990 15 A C 0.274 3.816354 1.14601 1.619233 1.770891 0.0009943783 0.0009857415 0.00141019 scaffold_3
450 772 3 3:159848350 159848350 15 T A 0.439 -3.402835 1.057225 0.978506 1.044602 0.001452165 0.001588795 0.002129354 scaffold_3
451 278 3 3:160944001 160944001 11 G A 0.154 4.988218 1.411838 1.565237 1.703554 0.0004861269 0.0004699748 0.000697843 scaffold_3
466 166 3 3:178097034 178097034 14 C G 0.16 4.999712 1.357922 1.517609 1.669329 0.0002817407 0.0002667499 0.0004084688 scaffold_3
467 497 3 3:178773777 178773777 23 C G 0.433 -4.934301 1.480694 1.49158 1.621133 0.0009865293 0.0009408468 0.001278584 scaffold_3
468 677 3 3:179598194 179598194 9 G T 0.371 -3.614841 1.094747 0.8841967 0.939224 0.001095163 0.001340206 0.00198216 scaffold_3
474 75 3 3:185809953 185809953 4 T C 0.208 -4.71822 1.204411 1.536478 1.675835 0.0001145503 0.0001082588 0.0001825937 scaffold_3
476 457 3 3:187982933 187982933 12 A G 0.428 -3.545432 1.037892 0.9093163 0.9683386 0.0007376713 0.000867545 0.001289323 scaffold_3
477 355 3 3:189528295 189528295 20 A G 0.251 -4.336835 1.24416 1.88543 2.066553 0.000576218 0.0006433198 0.001142166 scaffold_3
480 689 3 3:195312984 195312984 21 A C 0.175 4.33387 1.346882 1.353668 1.470984 0.001456752 0.001367093 0.001730825 scaffold_3
500 387 3 3:212101154 212101154 12 A G 0.468 -3.557318 1.026973 0.9343375 0.9962752 0.0006228686 0.0007084942 0.001046515 scaffold_3
511 447 3 3:218889489 218889489 5 G C 0.342 3.998735 1.183534 1.072701 1.146857 0.0008406137 0.0008473573 0.001132331 scaffold_3
521 309 3 3:224088459 224088459 6 A C 0.475 3.628592 1.033044 1.075089 1.152554 0.0005235607 0.0005243095 0.0007268838 scaffold_3
523 630 3 3:224627366 224627366 23 C T 0.09 6.028397 1.846878 1.09576 1.179789 0.001245915 0.00124138 0.00159424 scaffold_3
532 313 3 3:229658504 229658504 18 A G 0.37 -3.932483 1.124741 1.199058 1.281172 0.0005548169 0.0005266696 0.0007105256 scaffold_3
533 728 3 3:229962157 229962157 14 C T 0.281 3.586174 1.122376 1.287247 1.405944 0.001570725 0.001477219 0.001839805 scaffold_3
540 168 4 4:1081883 1081883 11 A G 0.382 -4.20064 1.138695 1.093232 1.17172 0.000274369 0.0002702309 0.0003946868 scaffold_4
546 24 4 4:2493225 2493225 14 G T 0.397 -5.811269 1.385721 1.284186 1.388664 3.771771e-05 3.431956e-05 6.125476e-05 scaffold_4
561 282 4 4:6105826 6105826 16 T C 0.259 -4.05335 1.151046 1.279937 1.375568 0.0005070329 0.0004732203 0.0006439839 scaffold_4
569 353 4 4:10401375 10401375 11 A T 0.048 -8.431963 2.441148 1.11567 1.193196 0.0006448824 0.0006328139 0.000853448 scaffold_4
570 698 4 4:10664206 10664206 14 G C 0.02 -11.7018 3.63042 1.152606 1.244668 0.001429864 0.001386792 0.001740762 scaffold_4
581 632 4 4:17438192 17438192 14 T A 0.277 3.773141 1.159484 1.534135 1.684144 0.001288572 0.001244324 0.00168047 scaffold_4
582 521 4 4:17989022 17989022 17 T C 0.221 -4.274017 1.288717 1.214586 1.292113 0.001042087 0.0009913261 0.001269215 scaffold_4
591 760 4 4:30658440 30658440 11 T C 0.024 -10.21921 3.157318 0.9359388 0.9955327 0.001366846 0.001566086 0.002185544 scaffold_4
595 113 4 4:42831032 42831032 22 G A 0.098 -7.833715 2.053767 1.085637 1.144767 0.0001707935 0.0001686423 0.000260473 scaffold_4
596 479 4 4:57264601 57264601 14 C T 0.294 -4.123276 1.230536 1.127655 1.203456 0.0009259049 0.0009073731 0.001184203 scaffold_4
600 17 4 4:130649046 130649046 12 A G 0.07 8.624664 1.996824 1.028131 1.097365 2.232823e-05 2.24243e-05 4.41798e-05 scaffold_4
601 583 4 4:142697049 142697049 24 A G 0.042 8.902452 2.670481 0.9346165 0.9977474 0.0009823718 0.001123014 0.001585478 scaffold_4
604 175 4 4:151956760 151956760 1 A C 0.163 -7.391445 2.014554 1.174961 1.258852 0.0002955553 0.0002809885 0.0004017926 scaffold_4
606 539 4 4:154717234 154717234 19 C G 0.116 5.721525 1.707592 0.950564 1.018915 0.0009264103 0.001038646 0.001446529 scaffold_4
620 306 4 4:171669129 171669129 18 G A 0.119 -5.295787 1.510615 1.131587 1.219345 0.0005365097 0.0005210083 0.0007093995 scaffold_4
633 694 4 4:180299975 180299975 7 G A 0.207 -3.995549 1.211234 0.8724249 0.9295164 0.001107374 0.001378319 0.002062976 scaffold_4
639 385 4 4:185069664 185069664 14 C T 0.356 -3.708374 1.085448 1.502318 1.637775 0.0007365032 0.0007024372 0.0009778831 scaffold_4
645 7 4 4:190118347 190118347 9 G A 0.379 -4.559556 1.013883 1.297958 1.381446 1.040273e-05 9.370633e-06 1.970964e-05 scaffold_4
647 241 4 4:193522069 193522069 10 A C 0.036 9.93886 2.779795 1.319005 1.419286 0.0004170964 0.0003876946 0.0005393624 scaffold_4
648 453 4 4:197154259 197154259 12 A G 0.355 3.501082 1.036915 1.668045 1.815527 0.0008470738 0.0008547658 0.001279666 scaffold_4
650 61 4 4:204718291 204718291 22 T C 0.218 -4.773099 1.191016 0.8952533 0.96014 8.024361e-05 9.37695e-05 0.0001698454 scaffold_4
651 16 4 4:210259227 210259227 25 G C 0.288 -5.491748 1.265226 1.671654 1.79951 2.039986e-05 1.992872e-05 4.364446e-05 scaffold_4
674 26 4 4:237680875 237680875 22 G T 0.255 4.945495 1.183907 1.403457 1.507404 4.035786e-05 3.687989e-05 6.662341e-05 scaffold_4
682 271 4 4:239546776 239546776 19 G C 0.198 -4.56531 1.284561 1.068066 1.146059 0.0004508294 0.0004528074 0.0006368542 scaffold_4
683 20 4 4:239886897 239886897 11 T G 0.376 -4.468576 1.038663 0.9083941 0.9671574 2.398355e-05 2.721967e-05 5.702586e-05 scaffold_4
694 108 5 5:1621613 1621613 15 T C 0.134 -6.20287 1.562809 0.7151707 0.7608441 9.350514e-05 0.0001551876 0.0003333709 scaffold_5
697 106 5 5:2352784 2352784 18 G A 0.444 3.882884 1.016078 1.249896 1.342132 0.0001661882 0.000154168 0.000232709 scaffold_5
704 320 5 5:3785412 3785412 16 T G 0.294 4.315426 1.233379 1.616674 1.737891 0.0005498379 0.0005427727 0.0008191323 scaffold_5
705 575 5 5:4156308 4156308 9 C G 0.421 3.386605 1.031393 1.462555 1.580397 0.001166369 0.001107895 0.001470981 scaffold_5
715 124 5 5:6163058 6163058 11 T G 0.424 4.033158 1.069884 1.424495 1.518506 0.0002024688 0.0001884934 0.000287155 scaffold_5
722 151 5 5:7866337 7866337 12 C T 0.165 -5.494501 1.476153 1.21646 1.297515 0.0002423017 0.0002273864 0.0003306416 scaffold_5
726 606 5 5:10944769 10944769 19 A C 0.355 3.491385 1.071189 1.315205 1.414391 0.001266113 0.001188854 0.001507445 scaffold_5
729 498 5 5:11831026 11831026 18 A G 0.115 5.22632 1.559994 1.050779 1.132557 0.0009277651 0.0009484075 0.001262788 scaffold_5
735 386 5 5:14073432 14073432 19 A C 0.242 -4.13132 1.209203 1.178054 1.268963 0.0007361899 0.0007040074 0.0009280043 scaffold_5
740 284 5 5:17499946 17499946 25 A G 0.227 4.7141 1.295418 0.7771564 0.8483226 0.0003302567 0.0004801086 0.0007873972 scaffold_5
741 404 5 5:18544048 18544048 16 G A 0.171 -4.709497 1.388521 1.380245 1.488813 0.0008030877 0.0007517655 0.001001654 scaffold_5
750 398 5 5:39824169 39824169 12 C T 0.171 4.542199 1.335738 1.421538 1.548628 0.0007788064 0.0007314968 0.0009879372 scaffold_5
752 852 5 5:49732476 49732476 14 A T 0.038 -8.200721 2.602076 1.22936 1.323912 0.00181466 0.001726256 0.002118073 scaffold_5
756 482 5 5:63355608 63355608 14 G A 0.059 -7.438532 2.215186 1.075617 1.146242 0.0009031881 0.000909575 0.001212036 scaffold_5
757 327 5 5:68552315 68552315 6 A G 0.061 -7.305714 2.075269 0.9700575 1.030281 0.0005090048 0.0005558641 0.0008170378 scaffold_5
758 29 5 5:74485558 74485558 14 A C 0.223 -5.022935 1.205568 1.104072 1.180851 4.219411e-05 4.05801e-05 7.228178e-05 scaffold_5
759 446 5 5:77972987 77972987 21 C T 0.031 -9.60803 2.860758 1.267192 1.361846 0.0009013478 0.0008469864 0.001097159 scaffold_5
760 46 5 5:80842468 80842468 18 C T 0.298 -4.45613 1.083656 0.812794 0.866305 5.268222e-05 6.990146e-05 0.0001472167 scaffold_5
761 154 5 5:85971384 85971384 13 < T 0.181 -5.738862 1.544292 1.213221 1.301814 0.0002478241 0.0002324689 0.0003372413 scaffold_5
762 84 5 5:92468540 92468540 11 T C 0.042 -10.13378 2.566083 0.9234324 0.9854309 0.0001011562 0.0001144092 0.0001978603 scaffold_5
763 407 5 5:128822687 128822687 7 T C 0.053 7.330009 2.158579 1.179468 1.264022 0.0007918841 0.0007579839 0.0009939474 scaffold_5
764 22 5 5:143798695 143798695 13 T G 0.198 -5.758062 1.366142 1.312132 1.391979 3.4557e-05 3.146255e-05 5.679429e-05 scaffold_5
765 584 5 5:152153891 152153891 25 C T 0.013 -13.49685 4.121986 1.34231 1.461982 0.001203321 0.001125655 0.001444318 scaffold_5
766 965 5 5:155998277 155998277 20 T G 0.187 4.300628 1.377206 1.150331 1.238743 0.001995268 0.00194543 0.002385204 scaffold_5
768 44 5 5:162798924 162798924 20 G A 0.349 -4.19262 1.041307 1.414058 1.529248 7.446639e-05 6.844464e-05 0.0001156875 scaffold_5
769 157 5 5:164971333 164971333 8 A G 0.32 -4.322678 1.144817 0.8902483 0.9442441 0.0001977906 0.0002353064 0.00040218 scaffold_5
774 238 5 5:171320726 171320726 8 T C 0.154 -4.94419 1.374705 1.082067 1.152538 0.0003861054 0.0003841439 0.000548903 scaffold_5
778 563 5 5:175035763 175035763 12 T C 0.371 -3.41426 1.028331 1.018321 1.086316 0.001028912 0.001081276 0.001461913 scaffold_5
779 342 5 5:175756716 175756716 20 G C 0.295 -3.767584 1.089384 1.200142 1.296995 0.0006349999 0.0006019947 0.0008020115 scaffold_5
780 333 5 5:178290169 178290169 10 T G 0.394 -3.648312 1.025162 0.8409695 0.8994769 0.0004430824 0.0005733062 0.0009395635 scaffold_5
783 650 5 5:183425067 183425067 12 A G 0.221 -3.981467 1.229758 1.268362 1.361643 0.001362583 0.001285117 0.00161214 scaffold_5
785 402 5 5:184799257 184799257 2 T G 0.222 4.285003 1.259103 1.149102 1.236676 0.0007714764 0.0007464305 0.0009832074 scaffold_5
786 54 5 5:185463921 185463921 11 T C 0.39 4.143488 1.021752 0.915768 0.9754554 6.629762e-05 7.531532e-05 0.0001399961 scaffold_5
790 349 5 5:189103527 189103527 19 A G 0.364 3.633945 1.048135 1.695127 1.848687 0.0006158909 0.0006266471 0.0009725322 scaffold_5
792 297 5 5:191169582 191169582 11 C A 0.128 -5.399856 1.534597 1.122084 1.202279 0.0005119879 0.0004997437 0.0006854062 scaffold_5
793 612 5 5:191912849 191912849 9 C T 0.242 -3.652241 1.117748 1.13422 1.224226 0.001231646 0.001203244 0.001530975 scaffold_5
794 895 5 5:193243053 193243053 11 T C 0.088 5.354188 1.706938 1.294184 1.403151 0.001905746 0.001795694 0.002205815 scaffold_5
795 148 5 5:195726670 195726670 19 T C 0.095 6.62848 1.780371 1.415859 1.526898 0.0002414705 0.0002245716 0.0003356074 scaffold_5
797 695 5 5:197659973 197659973 6 A G 0.208 -3.939261 1.217492 1.079822 1.158374 0.001372016 0.001382824 0.001771792 scaffold_5
799 174 5 5:200880573 200880573 10 G T 0.159 5.57485 1.51258 1.065947 1.137499 0.0002778072 0.0002783858 0.0004104829 scaffold_5
801 74 5 5:202472126 202472126 12 C T 0.263 -4.513463 1.151512 1.183217 1.263797 0.0001135917 0.0001067434 0.0001679976 scaffold_5
802 709 5 5:202880083 202880083 11 T C 0.244 -3.817207 1.189926 1.213195 1.2985 0.001505172 0.001436147 0.001787163 scaffold_5
806 137 5 5:204810652 204810652 8 A T 0.346 -4.009245 1.071563 1.233842 1.325567 0.0002252981 0.0002102569 0.0003077652 scaffold_5
821 960 5 5:210071752 210071752 4 A T 0.424 3.392825 1.089034 1.426019 1.539054 0.002043297 0.001940394 0.002435058 scaffold_5
822 942 5 5:210356117 210356117 12 < G 0.08 -6.220254 1.991981 1.467598 1.582587 0.001995743 0.001908209 0.002436856 scaffold_5
824 6 5 5:211120944 211120944 21 G A 0.41 -4.668683 1.036413 1.431758 1.54111 1.006627e-05 9.112102e-06 1.980476e-05 scaffold_5
828 475 5 5:212025745 212025745 16 C T 0.382 3.408928 1.020763 1.345331 1.461777 0.0009624685 0.0008999597 0.001173643 scaffold_5
829 643 5 5:212150814 212150814 25 A G 0.343 3.563744 1.099319 1.443794 1.595091 0.001343574 0.001269467 0.001658814 scaffold_5
830 127 5 5:212804472 212804472 18 G A 0.444 -3.748469 0.9923905 1.102561 1.179043 0.0001967828 0.0001921326 0.000290113 scaffold_5
831 819 5 5:212919791 212919791 11 A C 0.374 3.323052 1.042888 1.041036 1.115271 0.001617241 0.00167609 0.002159065 scaffold_5
838 147 5 5:214474178 214474178 10 C T 0.068 -7.207663 1.928861 1.107532 1.185903 0.00022937 0.0002237828 0.0003316622 scaffold_5
842 114 5 5:215294314 215294314 9 A G 0.232 -4.420624 1.164175 1.493756 1.621252 0.0001823403 0.0001713611 0.0002705494 scaffold_5
848 464 6 6:4151872 4151872 19 C A 0.211 4.152524 1.241259 1.287232 1.381753 0.0009433042 0.0008850715 0.001144068 scaffold_6
849 585 6 6:8650308 8650308 12 T C 0.12 5.42969 1.644817 1.051334 1.124962 0.001098528 0.001126824 0.001480707 scaffold_6
853 245 6 6:22981136 22981136 14 G C 0.182 5.147835 1.429749 1.754004 1.938939 0.0003805363 0.0003948475 0.00065659 scaffold_6
854 96 6 6:25372552 25372552 8 G A 0.482 -4.008697 0.9802281 0.6110697 0.6522286 5.773393e-05 0.0001319025 0.0003633134 scaffold_6
856 76 6 6:34223397 34223397 19 A G 0.306 4.310663 1.090363 0.9543063 1.01657 9.945779e-05 0.0001084759 0.0001882601 scaffold_6
857 925 6 6:55996425 55996425 9 C T 0.018 -11.9959 3.830408 1.179131 1.264695 0.001937065 0.001868942 0.002289914 scaffold_6
858 519 6 6:67914111 67914111 22 T C 0.065 -7.06196 2.071511 0.8392209 0.897443 0.0007557734 0.0009874595 0.001545917 scaffold_6
859 171 6 6:69559098 69559098 7 T A 0.035 -11.52048 3.104975 0.9786381 1.048594 0.0002533211 0.0002718687 0.0004196268 scaffold_6
863 334 6 6:87446377 87446377 24 G A 0.234 4.028805 1.160765 1.208847 1.307905 0.0006077148 0.0005744216 0.0007678968 scaffold_6
866 749 6 6:91606526 91606526 21 T C 0.013 -15.15284 4.755392 1.209673 1.297252 0.001616928 0.001544401 0.001911924 scaffold_6
867 51 6 6:92774088 92774088 13 C A 0.48 -4.118221 1.027816 1.298292 1.393105 8.050457e-05 7.382656e-05 0.0001207681 scaffold_6
869 25 6 6:93892903 93892903 4 A G 0.169 -5.679884 1.3457 0.9959676 1.066737 3.371716e-05 3.492176e-05 6.579292e-05 scaffold_6
870 460 6 6:95280627 95280627 20 G A 0.093 -5.725614 1.70993 1.392081 1.510014 0.0009334557 0.0008753754 0.001156145 scaffold_6
871 565 6 6:95772839 95772839 16 C A 0.302 3.6386 1.107188 1.301795 1.397479 0.001155234 0.001084719 0.001382295 scaffold_6
872 237 6 6:96702579 96702579 17 G A 0.025 -10.92196 3.041265 1.125991 1.213085 0.0003936455 0.0003820603 0.0005353085 scaffold_6
879 697 6 6:106236999 106236999 7 G C 0.051 -7.41438 2.305041 1.250829 1.343914 0.001462197 0.001384245 0.001725818 scaffold_6
880 211 6 6:106343495 106343495 11 A G 0.012 -16.28994 4.458684 0.9841492 1.050077 0.0003130434 0.0003352403 0.0005063165 scaffold_6
887 209 6 6:112690960 112690960 25 A C 0.114 -5.946481 1.641286 1.186462 1.271339 0.0003503118 0.0003317794 0.0004668977 scaffold_6
894 448 6 6:123934229 123934229 7 A G 0.409 -3.487842 1.028959 1.01903 1.089053 0.0008088748 0.0008475704 0.001161646 scaffold_6
899 354 6 6:131337745 131337745 14 A G 0.134 -5.148655 1.480699 0.9819946 1.05759 0.0005941126 0.000641057 0.0009063777 scaffold_6
900 685 6 6:132809942 132809942 18 C G 0.01 -16.45554 5.071925 1.057138 1.131878 0.001331562 0.001361479 0.00176801 scaffold_6
901 835 6 6:135967012 135967012 16 G A 0.037 -8.08592 2.549647 1.101926 1.187478 0.001699833 0.001692998 0.0021197 scaffold_6
903 607 6 6:140730406 140730406 12 T C 0.104 -5.751861 1.757404 1.114151 1.203531 0.001209153 0.001192877 0.001524076 scaffold_6
904 458 6 6:142050992 142050992 19 A C 0.459 3.517804 1.017102 0.8127973 0.8671332 0.0006345502 0.0008675841 0.001431242 scaffold_6
912 911 6 6:149865814 149865814 7 T C 0.319 3.364532 1.070732 1.576914 1.714188 0.001871296 0.001839806 0.002472709 scaffold_6
923 322 6 6:156214781 156214781 19 T C 0.101 -6.024689 1.724442 1.600818 1.719482 0.0005600862 0.0005498027 0.0008238967 scaffold_6
926 680 6 6:157683560 157683560 9 C T 0.119 5.287919 1.640592 1.374387 1.478046 0.001430278 0.001346398 0.001710534 scaffold_6
927 555 6 6:158385542 158385542 6 G A 0.047 10.30667 3.13325 1.421748 1.558781 0.001143059 0.001076408 0.001411361 scaffold_6
928 692 6 6:158561567 158561567 20 C T 0.205 4.090013 1.266323 1.578322 1.710185 0.001398654 0.001372264 0.001890352 scaffold_6
932 851 6 6:159786981 159786981 19 G A 0.494 3.257215 1.034289 1.295952 1.393137 0.001828917 0.001724558 0.002122951 scaffold_6
935 847 6 6:160909915 160909915 14 A C 0.407 3.288339 1.032206 1.015693 1.092598 0.001620771 0.001713424 0.002219283 scaffold_6
939 603 6 6:162332543 162332543 18 G T 0.409 -3.431029 1.032597 0.9278455 0.9940309 0.00102003 0.001174934 0.001667905 scaffold_6
958 613 6 6:168307448 168307448 9 T G 0.329 -3.565251 1.078403 0.9579667 1.019349 0.001080059 0.00120345 0.00168623 scaffold_6
959 348 6 6:169130337 169130337 19 T C 0.196 4.408306 1.24928 0.8578665 0.9125642 0.0004940071 0.0006229039 0.001011847 scaffold_6
960 8 7 7:408660 408660 15 T C 0.13 7.376596 1.61988 0.8348931 0.8785779 8.115583e-06 1.01694e-05 2.653964e-05 scaffold_7
965 741 7 7:1944558 1944558 25 C G 0.153 -4.693553 1.46706 1.126575 1.202518 0.001549258 0.001524895 0.001918356 scaffold_7
984 294 7 7:5555875 5555875 23 G A 0.139 -5.308929 1.503255 1.060446 1.129504 0.0004887893 0.0004943197 0.0006960379 scaffold_7
988 141 7 7:6347909 6347909 12 T C 0.167 -5.106487 1.364541 1.110082 1.178521 0.000224634 0.0002189823 0.0003271295 scaffold_7
999 305 7 7:12557600 12557600 5 T C 0.016 16.77108 4.791101 1.418248 1.550328 0.0005466995 0.0005113558 0.0007110283 scaffold_7
1001 181 7 7:13988576 13988576 6 T C 0.263 4.092836 1.118553 1.254981 1.357073 0.0003067078 0.0002856925 0.0004063761 scaffold_7
1004 535 7 7:17488249 17488249 19 G A 0.124 5.204471 1.57143 1.141874 1.217358 0.0010585 0.001031285 0.001330976 scaffold_7
1005 115 7 7:19230745 19230745 10 C T 0.351 -4.029731 1.05027 0.9483883 1.018264 0.0001566304 0.0001726139 0.0002824306 scaffold_7
1007 805 7 7:23966752 23966752 21 A C 0.013 -14.84162 4.692262 1.318638 1.419984 0.001747681 0.001644616 0.002038375 scaffold_7
1009 293 7 7:40323096 40323096 17 G A 0.094 -6.703729 1.90147 1.09864 1.165323 0.0004996032 0.0004941486 0.0006867436 scaffold_7
1010 180 7 7:92547925 92547925 17 A G 0.014 15.6267 4.262585 1.155427 1.263908 0.0002988764 0.000284786 0.0004064679 scaffold_7
1011 149 7 7:97646152 97646152 10 T C 0.014 14.88686 3.989036 1.115141 1.230009 0.0002335578 0.0002255009 0.0003305606 scaffold_7
1013 968 7 7:109182078 109182078 20 A C 0.17 4.692366 1.43835 0.7564357 0.8058802 0.001253441 0.00194863 0.003229815 scaffold_7
1016 537 7 7:114381203 114381203 4 A G 0.344 3.877134 1.174241 1.238127 1.33272 0.001095785 0.001035995 0.001319942 scaffold_7
1021 59 7 7:125896657 125896657 7 T C 0.455 3.887615 0.9841607 1.244823 1.333023 0.0001007348 9.312261e-05 0.0001481018 scaffold_7
1022 21 7 7:126387160 126387160 15 A G 0.012 18.92809 4.46571 1.632943 1.856663 3.131589e-05 2.990429e-05 6.140887e-05 scaffold_7
1029 598 7 7:132838422 132838422 5 T G 0.117 5.394182 1.61908 0.9188948 0.9820378 0.0009892206 0.001152481 0.001649385 scaffold_7
1033 321 7 7:138764575 138764575 4 G A 0.282 -4.281416 1.225322 1.116562 1.204909 0.0005592629 0.0005469169 0.0007439556 scaffold_7
1034 437 7 7:140270051 140270051 5 T C 0.059 -7.177165 2.109168 0.9979803 1.059793 0.0007724927 0.0008243768 0.001160957 scaffold_7
1036 957 7 7:143049394 143049394 21 T C 0.073 -6.795821 2.176093 1.171273 1.251339 0.001993793 0.001933187 0.002365569 scaffold_7
1037 890 7 7:143909756 143909756 10 T A 0.442 3.331241 1.059552 1.193521 1.275982 0.001860646 0.001787993 0.002194599 scaffold_7
1049 246 7 7:156659839 156659839 8 T G 0.261 4.059464 1.13151 1.65813 1.810663 0.0003988633 0.0003976534 0.0006305355 scaffold_7
1050 771 7 7:156773640 156773640 17 G A 0.498 -3.280186 1.032375 1.229436 1.313776 0.001666733 0.001585554 0.001957723 scaffold_7
1052 778 7 7:158177675 158177675 17 A G 0.059 6.615584 2.071739 1.077793 1.15633 0.001580764 0.001596848 0.002028755 scaffold_7
1055 943 7 7:159984281 159984281 13 G A 0.169 -4.278872 1.370502 1.212563 1.311488 0.001999189 0.001908976 0.002326465 scaffold_7
1064 904 7 7:164457220 164457220 19 T C 0.349 -3.571776 1.138496 1.227618 1.310063 0.001902277 0.001813659 0.002218404 scaffold_7
1066 461 7 7:165295635 165295635 19 A G 0.081 -6.127358 1.829183 1.229702 1.319673 0.0009291757 0.0008788748 0.001134359 scaffold_7
1071 38 7 7:167131601 167131601 23 G A 0.462 -4.226201 1.038837 1.281934 1.374069 6.293484e-05 5.765384e-05 9.679599e-05 scaffold_7
1072 178 7 7:167548600 167548600 18 T C 0.278 4.806185 1.312754 1.29606 1.385156 0.000304328 0.0002828049 0.0004033872 scaffold_7
1073 185 7 7:167975791 167975791 15 C T 0.118 -5.673264 1.524444 0.8722523 0.9235318 0.00024289 0.0002972879 0.0005118861 scaffold_7
1086 244 7 7:172768634 172768634 18 C G 0.461 -3.857891 1.04878 0.8042609 0.8596457 0.0002853624 0.0003926281 0.0006851037 scaffold_7
1094 270 7 7:174572189 174572189 21 G C 0.054 -8.279293 2.341714 1.265111 1.366957 0.0004818778 0.0004503784 0.0006150877 scaffold_7
1095 729 7 7:175688004 175688004 16 A G 0.406 3.243894 1.013553 1.195537 1.289472 0.001542929 0.001477622 0.001835878 scaffold_7
1102 40 8 8:1512163 1512163 16 T C 0.492 -4.46045 1.104358 1.406274 1.514566 7.078914e-05 6.500996e-05 0.000110233 scaffold_8
1103 569 8 8:2054001 2054001 16 C A 0.176 -4.34599 1.321919 1.19473 1.285355 0.00115015 0.001099116 0.001396521 scaffold_8
1104 85 8 8:2519073 2519073 10 G A 0.504 -4.072714 1.003941 0.6960888 0.7421891 6.591274e-05 0.0001145892 0.0002665288 scaffold_8
1105 681 8 8:2552354 2552354 15 G A 0.045 -8.058031 2.500075 1.288202 1.369039 0.001430573 0.001348937 0.001687175 scaffold_8
1107 125 8 8:3663342 3663342 19 C T 0.043 -9.592853 2.546261 1.254418 1.334334 0.0002042345 0.0001900641 0.0002809567 scaffold_8
1130 122 8 8:11909451 11909451 21 < T 0.19 5.159001 1.363939 1.162041 1.238143 0.0001929165 0.0001834112 0.0002745067 scaffold_8
1133 745 8 8:13438495 13438495 20 A G 0.222 -3.863439 1.2022 1.034122 1.104074 0.001476731 0.001537832 0.002006877 scaffold_8
1134 762 8 8:13792904 13792904 12 G C 0.066 -6.35159 1.974125 0.9926517 1.065989 0.00145815 0.00157211 0.00207869 scaffold_8
1136 63 8 8:14840092 14840092 10 T C 0.42 -4.005142 1.00046 0.8904664 0.9587295 8.162497e-05 9.598563e-05 0.0001730937 scaffold_8
1141 636 8 8:18369920 18369920 21 G C 0.25 -3.943221 1.204073 1.031846 1.109065 0.001201081 0.001249748 0.001641763 scaffold_8
1147 724 8 8:22127131 22127131 16 T C 0.4 -3.561354 1.105502 1.065939 1.136045 0.001438437 0.001464563 0.001889119 scaffold_8
1149 287 8 8:25951498 25951498 10 < G 0.171 -4.827404 1.369651 1.147218 1.242322 0.0005014047 0.0004829961 0.0006591341 scaffold_8
1150 406 8 8:37656306 37656306 10 C T 0.092 -7.739164 2.234251 0.8835218 0.948508 0.0006229011 0.0007565495 0.0011517 scaffold_8
1151 42 8 8:61992980 61992980 18 C T 0.282 -4.566154 1.130045 1.146974 1.234907 7.029956e-05 6.656499e-05 0.0001106106 scaffold_8
1153 299 8 8:79138501 79138501 15 A G 0.423 3.697967 1.054994 1.260564 1.355487 0.0005374976 0.0005033169 0.0006804844 scaffold_8
1154 413 8 8:88526334 88526334 16 G A 0.353 -3.764641 1.112424 1.273956 1.38542 0.0008245551 0.0007724126 0.001009309 scaffold_8
1155 414 8 8:95559795 95559795 20 A G 0.137 5.050014 1.467659 0.9303275 0.997164 0.0006757932 0.0007726267 0.001123841 scaffold_8
1157 41 8 8:102834648 102834648 20 G A 0.494 4.26361 1.055931 1.367266 1.482607 7.112472e-05 6.50648e-05 0.0001092476 scaffold_8
1163 427 8 8:120308659 120308659 6 T C 0.029 -9.522726 2.825899 1.358023 1.471656 0.0008668566 0.0008099465 0.0010685 scaffold_8
1167 748 8 8:132057831 132057831 11 T A 0.108 5.190502 1.629261 1.466322 1.595522 0.001620442 0.001542549 0.002006993 scaffold_8
1170 731 8 8:141181957 141181957 21 A G 0.235 3.899679 1.209596 1.038376 1.10881 0.001426562 0.001480303 0.001931765 scaffold_8
1178 396 8 8:151199992 151199992 19 T C 0.295 -4.291539 1.261422 1.254178 1.343138 0.0007743861 0.0007288847 0.0009550125 scaffold_8
1179 526 8 8:152566107 152566107 22 T A 0.14 -5.115633 1.546776 1.258934 1.354191 0.001075479 0.00101352 0.00129405 scaffold_8
1180 572 8 8:153690029 153690029 20 T C 0.23 3.900165 1.188948 1.330031 1.438335 0.001179051 0.001104508 0.001413474 scaffold_8
1206 47 8 8:168488255 168488255 16 C T 0.114 -6.045867 1.502171 1.139067 1.219165 7.492974e-05 7.124693e-05 0.0001179832 scaffold_8
1209 822 8 8:169073599 169073599 21 T A 0.371 -3.337195 1.053711 1.549299 1.677517 0.001724205 0.001679174 0.002251631 scaffold_8
1211 86 8 8:169546743 169546743 18 G T 0.498 4.002204 1.023546 1.084703 1.16084 0.000117874 0.0001157026 0.0001846965 scaffold_8
1214 789 8 8:170379371 170379371 5 C T 0.217 -4.10958 1.296425 1.417435 1.540079 0.001708043 0.001615422 0.00205131 scaffold_8
1216 362 8 8:170725448 170725448 16 T C 0.194 -4.451632 1.299907 1.380135 1.521253 0.0007157373 0.0006674239 0.0008998657 scaffold_8
1220 580 8 8:171572952 171572952 16 G T 0.029 -11.58611 3.448225 0.8734416 0.9160464 0.0008967968 0.001114912 0.001692984 scaffold_8
1224 397 8 8:172531535 172531535 24 T C 0.217 4.448182 1.302851 1.10399 1.210729 0.0007423529 0.0007314718 0.0009677371 scaffold_8
1252 139 9 9:6675647 6675647 15 A G 0.386 4.430447 1.185906 1.467596 1.584537 0.0002300879 0.0002157862 0.0003286814 scaffold_9
1256 907 9 9:8238068 8238068 21 A G 0.163 -4.493389 1.42362 1.066151 1.15488 0.00178671 0.00181948 0.002280531 scaffold_9
1257 473 9 9:8469018 8469018 9 A T 0.234 -3.877031 1.15998 1.240904 1.341398 0.0009534166 0.0008991808 0.001158444 scaffold_9
1258 484 9 9:8998336 8998336 24 G C 0.184 -4.47452 1.342071 1.290666 1.407923 0.0009810519 0.0009186541 0.001186229 scaffold_9
1262 367 9 9:10600447 10600447 25 G C 0.229 4.24527 1.241191 1.321314 1.440515 0.0007265424 0.0006769297 0.0009001015 scaffold_9
1263 752 9 9:11088554 11088554 15 A G 0.268 3.612025 1.129994 1.616821 1.762817 0.001563749 0.001555328 0.002162898 scaffold_9
1265 775 9 9:11928127 11928127 21 T A 0.329 3.454806 1.088708 1.401238 1.513111 0.001689051 0.001594246 0.002019517 scaffold_9
1273 722 9 9:16000911 16000911 10 A G 0.185 -4.110301 1.277551 1.085614 1.171535 0.001458603 0.001464163 0.001859593 scaffold_9
1274 55 9 9:16330122 16330122 13 T C 0.133 6.073896 1.515261 1.154131 1.233636 7.995773e-05 7.566936e-05 0.0001240641 scaffold_9
1279 130 9 9:19166848 19166848 16 C A 0.231 -4.488731 1.169992 0.8520355 0.9073088 0.0001568132 0.0001969202 0.0003549735 scaffold_9
1290 562 9 9:29055866 29055866 6 A G 0.016 15.73663 4.764921 1.115553 1.177899 0.001092865 0.00108069 0.001402065 scaffold_9
1291 553 9 9:59122604 59122604 8 C G 0.15 -5.193972 1.559214 0.9847602 1.044059 0.0009908824 0.001074862 0.001475059 scaffold_9
1292 316 9 9:88354610 88354610 24 T C 0.196 -4.664377 1.285864 0.7517978 0.802864 0.0003447302 0.000531429 0.0009774322 scaffold_9
1295 523 9 9:103157565 103157565 9 A G 0.089 -5.757944 1.72174 1.005599 1.083134 0.00094707 0.001004442 0.001355675 scaffold_9
1296 372 9 9:105455887 105455887 22 C A 0.339 3.842686 1.123948 1.293417 1.39409 0.0007301302 0.0006828578 0.0009021913 scaffold_9
1303 931 9 9:121978189 121978189 5 C T 0.191 -4.521912 1.440822 1.113669 1.18417 0.001895118 0.001882724 0.00234398 scaffold_9
1306 105 9 9:126594919 126594919 23 T C 0.193 -4.892971 1.259988 0.9166819 0.9892325 0.0001308462 0.0001493117 0.0002512145 scaffold_9
1307 233 9 9:127874403 127874403 10 T G 0.43 -3.756338 1.04605 1.226869 1.314003 0.0003940553 0.0003702278 0.0005141442 scaffold_9
1311 82 9 9:134562117 134562117 26 G A 0.017 15.77516 4.044827 1.220853 1.328139 0.0001225934 0.0001137475 0.0001771195 scaffold_9
1313 631 9 9:136730044 136730044 12 A C 0.114 5.377848 1.6247 0.9182108 0.9831607 0.001065333 0.001243078 0.001762501 scaffold_9
1318 765 9 9:139640422 139640422 13 A G 0.093 -5.627411 1.770929 1.246635 1.346263 0.001664852 0.001576522 0.001947182 scaffold_9
1323 101 9 9:142206541 142206541 22 A T 0.172 4.998488 1.289566 0.9891067 1.062862 0.0001345822 0.0001420049 0.0002314998 scaffold_9
1331 118 9 9:145540905 145540905 24 C A 0.133 5.664759 1.497787 1.298305 1.407756 0.0001931675 0.0001782153 0.000266275 scaffold_9
1338 882 9 9:148751872 148751872 9 A G 0.067 6.592959 2.075669 1.013476 1.077062 0.001672347 0.001775185 0.00232604 scaffold_9
1340 73 9 9:149511139 149511139 8 A T 0.204 4.920034 1.243326 0.9663687 1.032336 9.800392e-05 0.0001054801 0.0001815781 scaffold_9
1342 4 9 9:150091216 150091216 18 C A 0.356 5.054718 1.116156 1.229602 1.320055 9.061892e-06 8.213951e-06 1.755027e-05 scaffold_9
1345 818 9 9:151247176 151247176 24 C T 0.165 4.660062 1.471553 1.168328 1.257328 0.001726047 0.001668629 0.002062705 scaffold_9
1346 542 9 9:151298901 151298901 16 T A 0.067 6.782185 2.049481 1.123734 1.213583 0.001068383 0.001047328 0.001349503 scaffold_9
1347 465 9 9:151567035 151567035 12 T C 0.201 4.24816 1.262811 1.083554 1.15256 0.0008843485 0.0008863516 0.001181139 scaffold_9
1349 43 9 9:151931013 151931013 26 C T 0.447 4.361616 1.010953 0.5474555 0.5843045 2.278842e-05 6.691004e-05 0.0002378487 scaffold_9
1352 275 9 9:152707980 152707980 6 G C 0.363 -3.852303 1.084397 1.042521 1.108404 0.0004532876 0.0004639081 0.0006643265 scaffold_9
1362 256 9 9:154874917 154874917 5 T C 0.023 -11.23209 3.114298 0.9357765 1.001993 0.0003721214 0.0004199732 0.0006417621 scaffold_9
1367 593 9 9:156361207 156361207 13 T C 0.192 4.371822 1.335931 1.396033 1.500819 0.001210958 0.001140312 0.001475319 scaffold_9
1398 474 10 10:8132616 8132616 15 T C 0.152 -4.653705 1.393163 1.386338 1.507224 0.0009598091 0.000899597 0.001183971 scaffold_10
1399 366 10 10:8610155 8610155 19 G C 0.05 8.443176 2.466387 1.259005 1.339008 0.0007189701 0.0006763409 0.0008915625 scaffold_10
1408 247 10 10:16364346 16364346 19 G A 0.138 -5.236528 1.430375 0.8329974 0.888028 0.0003045522 0.0003977952 0.0006871277 scaffold_10
1409 116 10 10:19486304 19486304 23 T C 0.065 -7.971222 2.093909 1.089806 1.166167 0.0001757391 0.0001726584 0.0002641855 scaffold_10
1410 92 10 10:23179420 23179420 16 T A 0.09 7.606465 1.888405 0.7174194 0.7643713 7.396769e-05 0.0001216311 0.0002705426 scaffold_10
1411 19 10 10:30199243 30199243 13 C T 0.266 5.003797 1.120526 0.6362423 0.6805064 1.19318e-05 2.439023e-05 7.133643e-05 scaffold_10
1412 12 10 10:70368133 70368133 25 A T 0.104 -7.626435 1.751131 1.321285 1.409849 1.917166e-05 1.734923e-05 3.376126e-05 scaffold_10
1413 102 10 10:77203313 77203313 8 C A 0.393 4.293607 1.118462 1.275534 1.363328 0.000155431 0.0001437754 0.0002187242 scaffold_10
1414 544 10 10:82187307 82187307 14 A G 0.111 6.105403 1.826026 0.9626756 1.023372 0.0009494075 0.001052545 0.001456114 scaffold_10
1415 311 10 10:83899639 83899639 7 A G 0.358 4.000702 1.145542 1.276544 1.384697 0.0005626807 0.0005255099 0.0007089629 scaffold_10
1416 210 10 10:91176595 91176595 17 A G 0.287 4.167999 1.152099 1.416885 1.521887 0.0003572303 0.0003335327 0.0004809043 scaffold_10
1417 489 10 10:91800691 91800691 4 T C 0.368 -3.614439 1.084436 1.309498 1.404463 0.0009845322 0.0009232281 0.001192063 scaffold_10
1418 578 10 10:105376376 105376376 26 G A 0.351 -3.627845 1.104026 1.177464 1.263875 0.001156523 0.001111663 0.001414306 scaffold_10
1419 236 10 10:108840049 108840049 2 T C 0.22 4.716669 1.29044 0.8753784 0.9230776 0.0003112435 0.0003806418 0.0006329122 scaffold_10
1422 301 10 10:118659974 118659974 13 C G 0.058 -7.850318 2.239706 1.426495 1.532967 0.0005377589 0.0005047807 0.0007030516 scaffold_10
1424 958 10 10:124753234 124753234 10 G A 0.046 8.020799 2.551067 1.040825 1.105936 0.001860105 0.001933952 0.002479776 scaffold_10
1425 751 10 10:127392559 127392559 13 A G 0.139 -4.850088 1.524056 1.259638 1.349236 0.0016391 0.001551097 0.001918205 scaffold_10
1427 984 10 10:130507745 130507745 21 A T 0.133 4.799074 1.538233 1.126365 1.203112 0.002014013 0.001987257 0.002453396 scaffold_10
1428 913 10 10:130931357 130931357 14 A G 0.018 11.99158 3.807556 1.078601 1.164056 0.001827805 0.001846348 0.002312902 scaffold_10
1432 646 10 10:133575734 133575734 7 T A 0.213 -4.055633 1.246956 1.117222 1.208347 0.001296126 0.001277516 0.001621704 scaffold_10
1434 949 10 10:134673052 134673052 22 G A 0.031 10.08226 3.21423 1.090453 1.150629 0.001905534 0.00191994 0.00241552 scaffold_10
1439 854 10 10:137614377 137614377 11 A T 0.158 -4.63553 1.461061 1.058033 1.137016 0.001692378 0.0017331 0.002201298 scaffold_10
1442 292 10 10:139263864 139263864 6 G A 0.31 -3.731279 1.051895 0.9936306 1.071684 0.0004620496 0.0004914639 0.0007075398 scaffold_10
1459 620 10 10:145377607 145377607 3 T C 0.215 4.288451 1.299863 0.9691552 1.040961 0.001105812 0.001217394 0.001650846 scaffold_10
