6 409 1 1:3064763 3064763 10 C T 0.48 2.289303 0.6878635 1.370681 1.44616 0.001002755 0.001151486 0.001631949 scaffold_1
19 113 1 1:7561053 7561053 7 G C 0.283 -2.82798 0.7777443 1.723262 1.81364 0.000334553 0.0003130405 0.0004430162 scaffold_1
21 336 1 1:8617801 8617801 3 A G 0.257 -2.827012 0.8490016 1.705452 1.792628 0.0009970042 0.0009455097 0.001217456 scaffold_1
27 605 1 1:10994470 10994470 18 A T 0.146 -3.098363 0.9817298 1.972782 2.102488 0.001790698 0.001710144 0.002202878 scaffold_1
30 97 1 1:12353814 12353814 11 A G 0.364 2.588735 0.7044841 1.595064 1.673466 0.0002900707 0.000281221 0.0004089174 scaffold_1
31 199 1 1:12984232 12984232 22 T A 0.15 -3.447905 0.9911927 1.703839 1.801772 0.0005923062 0.0005584077 0.0007506244 scaffold_1
35 291 1 1:14508627 14508627 23 C A 0.398 2.466556 0.7304 1.58148 1.663571 0.0008468259 0.0008338543 0.0011051 scaffold_1
36 951 1 1:15571614 15571614 24 G C 0.109 -3.280791 1.081464 1.616395 1.705038 0.00266468 0.002614228 0.00315625 scaffold_1
38 814 1 1:16799260 16799260 4 A G 0.126 -2.943154 0.958129 1.680765 1.777241 0.0023575 0.002263253 0.002735213 scaffold_1
41 110 1 1:19345757 19345757 9 C G 0.448 -2.476799 0.6802516 1.793184 1.893146 0.0003285904 0.0003051545 0.0004342669 scaffold_1
49 495 1 1:26337204 26337204 13 C T 0.351 2.255774 0.7001966 1.972965 2.104244 0.001439701 0.001372172 0.001795275 scaffold_1
53 561 1 1:29156136 29156136 17 G A 0.469 2.069541 0.6509667 1.908677 2.039435 0.001658646 0.001566103 0.001992955 scaffold_1
55 146 1 1:30537580 30537580 8 T C 0.484 2.397134 0.6674255 1.483396 1.566246 0.000393935 0.000406615 0.0005899941 scaffold_1
59 73 1 1:33893851 33893851 16 G A 0.236 2.935092 0.7819533 1.71755 1.813525 0.0002157854 0.0002011984 0.0002970451 scaffold_1
60 49 1 1:35743287 35743287 10 C T 0.371 -2.875963 0.7449526 1.84022 1.931433 0.0001432918 0.0001321474 0.0002051933 scaffold_1
61 200 1 1:37787594 37787594 9 C A 0.177 -3.01478 0.8622202 1.519145 1.609143 0.0005554761 0.0005620205 0.0007795129 scaffold_1
62 621 1 1:38743590 38743590 9 A G 0.283 -2.442437 0.7741425 1.618595 1.701519 0.001796622 0.001755523 0.002180747 scaffold_1
63 208 1 1:40130373 40130373 22 A G 0.186 3.117894 0.899651 2.005891 2.130298 0.0006200455 0.0005907609 0.0008370959 scaffold_1
64 283 1 1:42021945 42021945 17 C T 0.039 5.611225 1.662089 1.660366 1.743112 0.0008497386 0.0008134915 0.001064648 scaffold_1
65 61 1 1:43093676 43093676 8 G C 0.482 -2.480955 0.6531101 1.872585 1.987557 0.0001817768 0.0001678616 0.0002565075 scaffold_1
66 446 1 1:44327577 44327577 16 T C 0.38 -2.249143 0.6896978 1.587345 1.672416 0.001260649 0.001242344 0.001592829 scaffold_1
68 17 1 1:47708422 47708422 17 G C 0.392 -3.067616 0.7493896 1.60466 1.699899 5.700805e-05 5.413678e-05 9.28076e-05 scaffold_1
69 779 1 1:48686897 48686897 10 G C 0.252 -2.423517 0.7847733 1.648198 1.750171 0.002235624 0.00216321 0.002627791 scaffold_1
70 239 1 1:49366935 49366935 22 G A 0.456 -2.685654 0.7825761 1.591596 1.689772 0.0006989353 0.0006826904 0.0009130961 scaffold_1
74 207 1 1:54188894 54188894 20 G C 0.046 5.401189 1.558969 1.692026 1.776969 0.00062243 0.0005895467 0.000789797 scaffold_1
76 895 1 1:58504540 58504540 11 C T 0.453 -2.05873 0.6727516 1.543512 1.627185 0.002447421 0.002479937 0.003065869 scaffold_1
77 85 1 1:60150959 60150959 7 C T 0.203 3.031593 0.8177529 1.530341 1.621518 0.0002568726 0.000256246 0.0003800254 scaffold_1
79 572 1 1:65743288 65743288 22 T C 0.28 -2.376982 0.740201 1.425824 1.503618 0.00149053 0.001630903 0.002191076 scaffold_1
85 755 1 1:76619223 76619223 25 C A 0.124 -3.122519 1.010433 1.714135 1.809693 0.002220426 0.002116095 0.002565674 scaffold_1
92 262 1 1:98306318 98306318 13 T C 0.135 3.724886 1.096873 1.660324 1.751307 0.0007927609 0.000758009 0.0009964242 scaffold_1
95 269 1 1:148061260 148061260 16 T C 0.267 2.725732 0.8009728 1.556746 1.639373 0.0007732859 0.000769804 0.001032342 scaffold_1
96 28 1 1:159500421 159500421 25 T C 0.18 3.494982 0.8753845 1.835394 1.963827 8.545815e-05 7.816041e-05 0.0001286884 scaffold_1
98 764 1 1:170206586 170206586 8 T G 0.25 2.473037 0.795588 1.528621 1.611389 0.002093085 0.002135413 0.002680375 scaffold_1
101 502 1 1:179371462 179371462 14 A G 0.42 -2.406824 0.728609 1.281304 1.348812 0.001091847 0.001397826 0.002117256 scaffold_1
108 722 1 1:188107533 188107533 16 C T 0.486 2.215235 0.7140457 1.735421 1.837831 0.002134859 0.002026403 0.002464384 scaffold_1
114 25 1 1:196567654 196567654 5 G T 0.338 -2.87149 0.7170113 1.876002 1.991534 8.138264e-05 7.464902e-05 0.0001242202 scaffold_1
115 7 1 1:196726947 196726947 6 A G 0.486 3.286984 0.7663737 1.512058 1.597898 2.54546e-05 2.511804e-05 4.828299e-05 scaffold_1
116 710 1 1:198313176 198313176 15 A G 0.401 2.468393 0.7890896 1.539717 1.630165 0.001962508 0.001988504 0.002481785 scaffold_1
117 236 1 1:199103118 199103118 8 G A 0.334 -2.522145 0.7347232 1.639763 1.728467 0.0006965482 0.0006693579 0.0008914828 scaffold_1
120 678 1 1:202136620 202136620 23 C G 0.347 2.41425 0.7725062 1.679302 1.766524 0.001981462 0.001901938 0.002328423 scaffold_1
122 827 1 1:204302936 204302936 18 G T 0.502 -2.116083 0.6804961 1.415623 1.492785 0.002085056 0.002310353 0.003055985 scaffold_1
125 768 1 1:208577125 208577125 9 T C 0.094 -3.554945 1.152172 1.727635 1.832472 0.002255617 0.002143792 0.002596793 scaffold_1
127 429 1 1:211040725 211040725 8 T C 0.176 3.023371 0.9273299 1.681219 1.770306 0.001263889 0.001207324 0.001527437 scaffold_1
129 781 1 1:213201170 213201170 8 G C 0.306 -2.291676 0.7440339 1.813493 1.922838 0.002295109 0.002166022 0.002638836 scaffold_1
130 384 1 1:213581071 213581071 16 T C 0.209 2.922079 0.8838867 1.545048 1.62814 0.001082074 0.001086908 0.001424437 scaffold_1
133 975 1 1:219188220 219188220 11 T C 0.314 -2.22061 0.7345294 1.669195 1.761399 0.002755405 0.002658012 0.003181999 scaffold_1
134 154 1 1:221043178 221043178 8 A T 0.044 -5.469284 1.534449 1.5814 1.663578 0.0004350789 0.0004255948 0.0005974298 scaffold_1
135 244 1 1:222187043 222187043 21 C T 0.139 -3.368008 0.9819132 1.541714 1.634741 0.0007032963 0.000704024 0.0009508497 scaffold_1
139 816 1 1:226278966 226278966 8 A G 0.044 4.732155 1.534052 1.561608 1.643859 0.002260643 0.002266893 0.002811449 scaffold_1
145 484 1 1:237010701 237010701 6 T C 0.474 2.199215 0.6825042 1.83718 1.936302 0.001436594 0.001351744 0.001707286 scaffold_1
147 479 1 1:241324620 241324620 11 C T 0.164 -3.251715 0.991396 1.394886 1.464202 0.001182439 0.001329116 0.001851214 scaffold_1
148 95 1 1:242970599 242970599 6 A T 0.385 -2.523077 0.6885957 1.817933 1.918078 0.0003016793 0.0002797387 0.0004024984 scaffold_1
150 767 1 1:246278862 246278862 10 C T 0.167 -2.733181 0.8845087 1.668701 1.761367 0.002222031 0.002139488 0.002598872 scaffold_1
151 2 1 1:248574566 248574566 8 G A 0.14 -4.191887 0.9044696 1.512513 1.594529 5.700645e-06 5.541334e-06 1.308642e-05 scaffold_1
153 596 1 1:252361558 252361558 21 G A 0.274 2.482024 0.7866805 1.810145 1.922943 0.0017964 0.001691285 0.002096036 scaffold_1
154 334 1 1:253451004 253451004 11 A G 0.198 2.76562 0.8299232 1.684936 1.783037 0.0009882124 0.0009399882 0.001211415 scaffold_1
155 288 1 1:254480139 254480139 25 A G 0.298 2.420589 0.7172038 1.599455 1.700714 0.0008526119 0.0008313463 0.001091917 scaffold_1
157 55 1 1:256728022 256728022 20 G A 0.231 -3.141485 0.8207791 1.572879 1.664859 0.0001628195 0.000158297 0.0002433636 scaffold_1
161 101 1 1:259435418 259435418 10 G A 0.47 -2.612747 0.7137803 1.651453 1.73055 0.0003057966 0.0002907791 0.0004171457 scaffold_1
162 127 1 1:260990034 260990034 11 A G 0.464 2.4144 0.6673919 1.558105 1.644258 0.0003580817 0.0003534013 0.0005060343 scaffold_1
165 687 1 1:267019585 267019585 15 A T 0.321 2.473155 0.7846166 1.470667 1.546145 0.001814281 0.001921298 0.002492052 scaffold_1
168 611 1 1:270798428 270798428 20 C T 0.174 -2.870481 0.9076 1.591018 1.676579 0.001751574 0.001728851 0.002161286 scaffold_1
173 232 1 1:276374218 276374218 5 T C 0.069 -4.663304 1.348853 1.503324 1.584532 0.0006388778 0.0006542456 0.000905205 scaffold_1
181 152 1 1:281774744 281774744 20 C T 0.418 2.582146 0.7241723 1.594193 1.684188 0.0004329985 0.0004210597 0.0005878365 scaffold_1
182 362 1 1:283261154 283261154 22 T C 0.47 -2.342351 0.6978247 1.380599 1.454161 0.000908794 0.0010322 0.00146976 scaffold_1
185 194 1 1:285881917 285881917 14 C A 0.049 -6.424977 1.804969 1.296929 1.366712 0.0004426041 0.0005489875 0.0008660621 scaffold_1
188 575 1 1:288542482 288542482 3 T C 0.22 -2.735747 0.8622647 1.650061 1.734677 0.001694406 0.001637377 0.002033119 scaffold_1
203 64 1 1:296085989 296085989 20 G A 0.189 -3.571467 0.9184185 1.20315 1.262295 0.0001284923 0.0001806697 0.0003493577 scaffold_1
208 500 1 1:299274364 299274364 23 G C 0.23 -2.586167 0.799844 1.551777 1.639148 0.0013842 0.001388139 0.001779083 scaffold_1
221 627 2 2:2638505 2638505 14 T G 0.129 3.18843 1.013186 1.992056 2.10173 0.001845134 0.001773078 0.00229243 scaffold_2
226 671 2 2:3937781 3937781 20 G C 0.017 -7.801533 2.497737 1.763506 1.887476 0.001993013 0.001878967 0.002302914 scaffold_2
241 18 2 2:8869487 8869487 18 G A 0.215 3.378458 0.8190163 1.371417 1.440775 5.015651e-05 5.574532e-05 0.0001063621 scaffold_2
246 297 2 2:10789364 10789364 23 C T 0.106 3.949042 1.174094 1.669412 1.766199 0.0008875195 0.0008470637 0.001101884 scaffold_2
247 416 2 2:11223781 11223781 23 G C 0.279 -2.579699 0.7867218 1.574638 1.660631 0.001186012 0.001174383 0.001516896 scaffold_2
251 286 2 2:12805761 12805761 5 < G 0.464 2.300992 0.6830856 1.962441 2.077064 0.0008721182 0.000826709 0.001121085 scaffold_2
253 562 2 2:13411690 13411690 7 C A 0.255 2.471861 0.7751478 1.614078 1.704773 0.001606008 0.001568693 0.00196244 scaffold_2
260 58 2 2:17279471 17279471 23 C T 0.23 3.021289 0.78888 2.220938 2.363015 0.0001613233 0.0001630408 0.0002863632 scaffold_2
263 235 2 2:18417244 18417244 22 C T 0.112 -3.643783 1.056665 1.535193 1.616097 0.0006592287 0.000662588 0.0009072883 scaffold_2
264 131 2 2:19439876 19439876 5 G A 0.119 3.676082 1.01577 1.500136 1.578038 0.000356315 0.0003635838 0.0005315267 scaffold_2
265 593 2 2:19983339 19983339 16 C G 0.252 2.443349 0.7737657 1.839806 1.941539 0.001780604 0.00167802 0.002088179 scaffold_2
268 304 2 2:22218933 22218933 9 C T 0.376 -2.348575 0.7008961 1.783502 1.882042 0.0009273074 0.0008697473 0.00112935 scaffold_2
269 969 2 2:22498489 22498489 24 C G 0.423 2.155627 0.7140062 1.74226 1.850667 0.00279178 0.002652494 0.003168653 scaffold_2
274 272 2 2:28174049 28174049 11 T G 0.5 2.383513 0.6974575 1.458889 1.539382 0.0007352031 0.0007775165 0.001079896 scaffold_2
277 211 2 2:30990945 30990945 17 T C 0.328 2.624412 0.7417282 1.294382 1.361595 0.0004781781 0.000595371 0.0009600099 scaffold_2
283 770 2 2:40054335 40054335 17 C A 0.483 -2.188932 0.7078088 1.622648 1.720075 0.002204137 0.002151761 0.002624351 scaffold_2
285 552 2 2:45485389 45485389 24 G T 0.412 2.275488 0.7147326 1.827503 1.939999 0.001633996 0.001537123 0.0019226 scaffold_2
286 62 2 2:48736884 48736884 9 G C 0.331 -2.989534 0.7873992 1.917797 2.014942 0.0001831405 0.0001702328 0.0002619321 scaffold_2
288 564 2 2:55398834 55398834 13 C G 0.288 2.429341 0.7556252 1.446774 1.524573 0.001471988 0.001583247 0.00210284 scaffold_2
289 942 2 2:62505314 62505314 23 A G 0.162 2.790615 0.9202771 1.644171 1.734974 0.002675726 0.002599083 0.003125553 scaffold_2
290 634 2 2:67265216 67265216 12 T C 0.122 3.141237 1.000874 1.830433 1.932328 0.001897068 0.001788353 0.002212188 scaffold_2
291 309 2 2:83024184 83024184 8 A G 0.444 2.476563 0.7316238 1.445858 1.51171 0.0008234784 0.0008822138 0.001238333 scaffold_2
294 63 2 2:145111799 145111799 5 T A 0.105 4.120604 1.08761 2.033687 2.142562 0.0001888427 0.0001794429 0.0002865368 scaffold_2
295 372 2 2:147043475 147043475 6 G C 0.298 -2.509992 0.7581647 1.556757 1.630696 0.0010649 0.001064049 0.001399133 scaffold_2
297 720 2 2:165523280 165523280 19 G A 0.433 -2.192074 0.703351 1.588525 1.682664 0.002037991 0.002015069 0.002485657 scaffold_2
298 255 2 2:168647484 168647484 13 C T 0.045 -5.443329 1.585443 1.45031 1.527777 0.0006952405 0.0007397887 0.001040424 scaffold_2
299 351 2 2:174130092 174130092 10 T G 0.274 -2.633318 0.7932474 1.625861 1.711362 0.001032359 0.001000607 0.001293721 scaffold_2
305 645 2 2:182331338 182331338 6 C G 0.23 -2.480149 0.7863437 1.557153 1.64456 0.001802531 0.001807565 0.002269236 scaffold_2
306 504 2 2:184270851 184270851 12 T C 0.114 3.410482 1.055758 1.551034 1.632751 0.001398114 0.001403633 0.0018031 scaffold_2
307 195 2 2:185043131 185043131 15 T C 0.325 2.740491 0.7644578 1.231589 1.294044 0.0004037323 0.0005495492 0.0009293813 scaffold_2
314 167 2 2:190367563 190367563 19 A C 0.153 -3.535023 0.9760824 1.242292 1.31112 0.0003528834 0.0004712551 0.0007895937 scaffold_2
315 873 2 2:191063208 191063208 11 C T 0.249 2.249433 0.7385943 1.740899 1.835104 0.002565019 0.002437773 0.002927411 scaffold_2
318 124 2 2:194483161 194483161 9 A T 0.43 -2.348108 0.6492064 1.594769 1.691553 0.0003591023 0.0003481707 0.0004936454 scaffold_2
319 287 2 2:195820451 195820451 14 C A 0.127 3.265735 0.9697622 1.701373 1.790465 0.0008750411 0.0008289255 0.001078777 scaffold_2
320 122 2 2:196794844 196794844 18 C T 0.485 -2.419366 0.6677723 1.568226 1.658791 0.0003510754 0.0003445514 0.0004925146 scaffold_2
321 578 2 2:198428166 198428166 11 G C 0.354 -2.263657 0.7057301 1.427098 1.500932 0.001509216 0.001651071 0.002216765 scaffold_2
323 872 2 2:202830356 202830356 14 A G 0.066 -3.892258 1.275666 1.656669 1.742163 0.002519337 0.002437603 0.002942243 scaffold_2
328 83 2 2:208027193 208027193 10 A G 0.188 -3.33867 0.8978104 1.480334 1.55465 0.0002460728 0.0002536039 0.000386904 scaffold_2
329 633 2 2:208506081 208506081 16 C T 0.475 2.170049 0.6862841 1.530586 1.613818 0.001755561 0.001785947 0.002266698 scaffold_2
331 151 2 2:209789273 209789273 25 A G 0.105 -4.310812 1.206216 1.540278 1.622082 0.0004203143 0.0004195538 0.0005952409 scaffold_2
339 935 2 2:215360309 215360309 23 A G 0.309 2.148647 0.710148 1.85519 1.964904 0.002733872 0.002585429 0.003135114 scaffold_2
342 488 2 2:217280046 217280046 8 A C 0.472 -2.129425 0.6500795 1.385652 1.459098 0.00119984 0.001359616 0.001905694 scaffold_2
343 303 2 2:218017812 218017812 14 T C 0.24 2.671417 0.7905936 1.494055 1.582327 0.0008409313 0.0008677033 0.001173965 scaffold_2
344 138 2 2:219512582 219512582 7 T C 0.388 -2.412745 0.6720612 1.618769 1.718285 0.0003961636 0.0003808527 0.0005332296 scaffold_2
345 555 2 2:220397772 220397772 7 C G 0.193 2.774706 0.8684056 1.606566 1.701044 0.001572776 0.001539449 0.001929556 scaffold_2
347 648 2 2:222031072 222031072 11 C G 0.498 2.152747 0.6850132 1.644409 1.740527 0.001871414 0.001811218 0.002230091 scaffold_2
353 949 2 2:227039888 227039888 17 A G 0.313 2.136633 0.7009202 1.518388 1.603897 0.002542357 0.002612982 0.003246196 scaffold_2
367 624 2 2:234363993 234363993 15 T G 0.243 -2.455245 0.7785627 1.621956 1.704894 0.001805303 0.00176121 0.002187481 scaffold_2
368 699 2 2:234772682 234772682 13 C G 0.255 2.459739 0.7826867 1.491344 1.563261 0.001871104 0.001954355 0.002518306 scaffold_2
372 44 2 2:236715449 236715449 12 A G 0.136 -3.778073 0.9658629 1.492959 1.577945 0.0001175254 0.0001190725 0.0001935143 scaffold_2
387 901 3 3:2883330 2883330 12 A G 0.427 -2.15268 0.7078215 1.664496 1.761446 0.002600498 0.002508956 0.003014823 scaffold_3
396 105 3 3:4680246 4680246 5 C A 0.172 3.525128 0.9660577 1.723471 1.827357 0.0003190439 0.0002981426 0.0004238384 scaffold_3
405 197 3 3:7081390 7081390 17 A G 0.093 -4.435393 1.241161 1.253759 1.320079 0.0004206927 0.0005537513 0.000907913 scaffold_3
412 380 3 3:9883550 9883550 11 C T 0.156 -3.157955 0.9426189 1.359852 1.431956 0.0009293126 0.001078832 0.001554877 scaffold_3
423 823 3 3:17042560 17042560 13 C T 0.212 2.586051 0.8414883 1.633203 1.720921 0.002346744 0.002285628 0.002778279 scaffold_3
429 378 3 3:21763473 21763473 9 A C 0.094 -3.922256 1.17973 1.458506 1.534575 0.001014651 0.00107757 0.001464443 scaffold_3
433 317 3 3:34250305 34250305 14 T G 0.029 -7.121984 2.129407 1.755347 1.850989 0.0009474937 0.0008909909 0.001152562 scaffold_3
434 686 3 3:39212209 39212209 17 C T 0.044 5.171524 1.65865 1.763273 1.864404 0.002029378 0.001918973 0.00234513 scaffold_3
436 33 3 3:54124545 54124545 17 C T 0.448 2.870703 0.7227704 1.533653 1.612844 9.276373e-05 9.158901e-05 0.0001514551 scaffold_3
437 56 3 3:88521197 88521197 9 G A 0.46 2.69525 0.7029717 2.188031 2.310354 0.0001587185 0.0001584695 0.0002749324 scaffold_3
438 220 3 3:124662451 124662451 11 A C 0.447 -2.549013 0.7396522 1.691996 1.792281 0.0006642545 0.0006288866 0.0008370873 scaffold_3
440 30 3 3:132483569 132483569 11 A G 0.285 -2.91871 0.7300701 1.60171 1.678585 8.366491e-05 7.99473e-05 0.0001320677 scaffold_3
441 256 3 3:136364969 136364969 8 A G 0.018 -10.1819 2.989318 1.623488 1.713372 0.000765021 0.0007399525 0.0009790651 scaffold_3
442 16 3 3:145513997 145513997 4 T G 0.043 -6.030244 1.473646 1.641295 1.735214 5.733881e-05 5.373304e-05 9.182602e-05 scaffold_3
444 941 3 3:147512374 147512374 20 G A 0.437 2.165164 0.7153082 1.715885 1.813988 0.002722875 0.002598884 0.003107382 scaffold_3
445 190 3 3:150647420 150647420 19 A C 0.069 -4.672405 1.329701 1.521868 1.602128 0.0005220059 0.0005273849 0.000740372 scaffold_3
446 493 3 3:154759609 154759609 19 A G 0.159 -3.015826 0.9291714 1.505586 1.594049 0.001327707 0.001366567 0.00177587 scaffold_3
447 450 3 3:156525422 156525422 14 T C 0.156 3.01677 0.9294619 1.771529 1.874045 0.001327703 0.001249651 0.00157655 scaffold_3
448 857 3 3:157459013 157459013 14 T C 0.029 -6.37602 2.087538 1.978922 2.108129 0.002493826 0.002391357 0.00302113 scaffold_3
450 130 3 3:159850756 159850756 12 T C 0.283 2.622503 0.7252775 1.546963 1.625124 0.0003604609 0.0003578974 0.0005167307 scaffold_3
451 887 3 3:160796307 160796307 21 C T 0.078 -3.843499 1.262128 1.678742 1.793962 0.002567552 0.002463003 0.002956855 scaffold_3
454 397 3 3:164550145 164550145 10 A G 0.109 -3.419995 1.043193 1.948952 2.081616 0.001188663 0.001125705 0.001483611 scaffold_3
457 891 3 3:169006294 169006294 14 G A 0.072 -4.586508 1.487832 1.441076 1.511163 0.002275792 0.002474112 0.003203924 scaffold_3
471 37 3 3:181810478 181810478 8 T G 0.348 -2.785096 0.7073734 1.518755 1.595711 0.0001063 0.0001060083 0.0001736305 scaffold_3
472 1 3 3:183630389 183630389 6 G C 0.417 -3.149096 0.6673885 1.462559 1.539506 3.911505e-06 3.917038e-06 9.919774e-06 scaffold_3
473 507 3 3:184132748 184132748 10 G A 0.26 -2.616724 0.8032459 1.414647 1.486492 0.0012751 0.001408054 0.001926199 scaffold_3
479 952 3 3:194105095 194105095 6 T C 0.296 2.355397 0.7735038 1.537052 1.619 0.0025688 0.002614283 0.003228198 scaffold_3
486 337 3 3:201868815 201868815 8 C A 0.308 2.370619 0.7127541 1.910211 2.027582 0.001010149 0.0009510277 0.001254991 scaffold_3
490 273 3 3:205218999 205218999 15 A G 0.218 -2.72889 0.8053374 2.016203 2.139047 0.0008135381 0.0007793076 0.001082275 scaffold_3
491 490 3 3:205953929 205953929 22 C T 0.239 -2.551347 0.784723 1.48185 1.563988 0.001303049 0.001362688 0.001798107 scaffold_3
495 943 3 3:208984823 208984823 18 T C 0.138 3.290562 1.088107 1.777256 1.883687 0.002747145 0.002600246 0.003116771 scaffold_3
497 254 3 3:209880861 209880861 9 C G 0.175 3.5252 1.035738 1.667193 1.75131 0.0007718311 0.0007370862 0.0009712433 scaffold_3
498 898 3 3:210828615 210828615 9 C G 0.466 2.068902 0.6812097 1.754281 1.853522 0.002635496 0.002500576 0.002999428 scaffold_3
500 231 3 3:212099728 212099728 17 C T 0.483 2.479838 0.7222069 1.735236 1.825187 0.000694315 0.0006527956 0.0008657035 scaffold_3
504 48 3 3:215100418 215100418 20 T C 0.296 2.92008 0.7557625 1.737794 1.849256 0.0001415537 0.0001309038 0.0002019278 scaffold_3
508 129 3 3:217268766 217268766 12 G A 0.199 -3.289968 0.9123208 2.026982 2.15963 0.0003735292 0.0003560208 0.0005293847 scaffold_3
511 639 3 3:218868063 218868063 9 A G 0.303 -2.309681 0.7360112 1.774342 1.874589 0.001899478 0.001793724 0.002203994 scaffold_3
515 19 3 3:220735704 220735704 14 G A 0.281 -2.980388 0.7364696 1.79066 1.898282 6.879414e-05 6.29218e-05 0.000105407 scaffold_3
516 356 3 3:221692985 221692985 5 A T 0.208 2.942301 0.882894 1.50783 1.58298 0.0009875902 0.001013616 0.001357548 scaffold_3
518 11 3 3:222666360 222666360 22 A G 0.462 2.944821 0.7054661 1.497788 1.570322 4.099845e-05 4.103884e-05 7.560193e-05 scaffold_3
526 135 3 3:226334728 226334728 19 T C 0.232 -2.914364 0.8133782 1.797289 1.905971 0.0004064565 0.0003777622 0.000527747 scaffold_3
528 915 3 3:227538758 227538758 25 G A 0.29 2.308507 0.7541756 1.492081 1.580395 0.002441087 0.002549334 0.003196851 scaffold_3
532 510 3 3:229658504 229658504 18 A G 0.367 -2.409009 0.7503429 1.714364 1.806284 0.001494136 0.001419553 0.001771029 scaffold_3
534 725 3 3:230754338 230754338 2 C T 0.219 -2.357788 0.7606095 1.787351 1.889863 0.002152327 0.002031929 0.002478372 scaffold_3
540 569 4 4:1064446 1064446 5 T C 0.172 2.79984 0.8832049 1.763298 1.860351 0.001709365 0.001614407 0.001996969 scaffold_4
545 251 4 4:2270388 2270388 19 A G 0.157 4.371169 1.28535 1.808276 1.910706 0.0007794375 0.0007287805 0.0009628072 scaffold_4
548 939 4 4:3000494 3000494 18 T G 0.358 2.366133 0.7819674 1.908489 2.014655 0.002731791 0.002597088 0.003184437 scaffold_4
551 455 4 4:3606687 3606687 12 A G 0.488 -2.239882 0.6889545 1.638483 1.727294 0.001303656 0.001260456 0.001597025 scaffold_4
563 912 4 4:6857180 6857180 12 G C 0.033 5.767907 1.899455 1.689744 1.780485 0.00263962 0.002533072 0.003037743 scaffold_4
567 109 4 4:9649572 9649572 21 C A 0.414 -2.591658 0.7041643 1.428765 1.504609 0.0002838569 0.0003045205 0.0004685123 scaffold_4
575 978 4 4:11931990 11931990 6 C G 0.105 3.424752 1.134654 1.720996 1.821668 0.002798351 0.002668754 0.003185176 scaffold_4
577 748 4 4:13706614 13706614 3 C T 0.143 2.981828 0.9649319 1.863632 1.961726 0.002221025 0.002100671 0.002582712 scaffold_4
583 478 4 4:18411255 18411255 13 A G 0.333 -2.410037 0.744227 1.614307 1.702418 0.001361253 0.00132781 0.001682627 scaffold_4
589 824 4 4:26043322 26043322 10 A G 0.494 2.274274 0.7359949 1.506475 1.589738 0.002221939 0.002298719 0.002891013 scaffold_4
590 389 4 4:27048673 27048673 5 A G 0.348 2.357091 0.7144863 1.557691 1.645497 0.001108059 0.0011055 0.001438412 scaffold_4
595 89 4 4:43945263 43945263 10 T C 0.067 -6.390367 1.731631 1.551043 1.633978 0.0002735715 0.0002705523 0.0003972547 scaffold_4
596 57 4 4:47619149 47619149 4 T G 0.061 -6.816235 1.767582 1.393804 1.458461 0.0001457209 0.0001605072 0.0002661318 scaffold_4
597 68 4 4:60638450 60638450 22 T G 0.439 -2.781742 0.734916 1.520251 1.597509 0.0001914221 0.0001918228 0.0002954977 scaffold_4
598 684 4 4:73680664 73680664 16 T C 0.424 -2.265696 0.7216455 1.541132 1.622273 0.001890023 0.001913765 0.002409683 scaffold_4
599 888 4 4:125779136 125779136 11 G A 0.304 -2.409992 0.7918948 1.92733 2.026911 0.00258348 0.002463254 0.003042118 scaffold_4
601 900 4 4:144053051 144053051 14 A G 0.141 -3.367158 1.108885 1.755032 1.847566 0.002640357 0.002508334 0.003007335 scaffold_4
605 913 4 4:153872735 153872735 13 A C 0.076 3.800866 1.250761 1.64948 1.734078 0.002620829 0.002543014 0.003063586 scaffold_4
608 209 4 4:157139334 157139334 21 A C 0.118 3.663169 1.057239 1.655573 1.741303 0.0006218656 0.000594295 0.0007982769 scaffold_4
614 293 4 4:163874360 163874360 6 A G 0.452 -2.238473 0.6647861 1.651801 1.75297 0.0008761202 0.000839489 0.001094053 scaffold_4
615 115 4 4:165703732 165703732 10 G A 0.464 -2.521712 0.6937526 1.643957 1.742197 0.0003360916 0.0003201083 0.0004539418 scaffold_4
616 157 4 4:166029956 166029956 16 C A 0.382 2.748079 0.7602519 1.32694 1.392641 0.0003620074 0.000431738 0.000692225 scaffold_4
618 548 4 4:169037661 169037661 12 T C 0.055 -4.580484 1.434666 1.677958 1.773713 0.001585678 0.001518121 0.001887482 scaffold_4
620 679 4 4:171807294 171807294 24 G A 0.098 -3.803955 1.196026 1.373459 1.442438 0.001651429 0.001903645 0.002615992 scaffold_4
624 793 4 4:174074629 174074629 14 T C 0.182 2.659429 0.8640246 1.77294 1.869252 0.002310856 0.00218668 0.002649266 scaffold_4
626 805 4 4:174991925 174991925 12 C G 0.169 -2.777518 0.8970763 1.516793 1.603538 0.002178217 0.002237616 0.002804598 scaffold_4
628 438 4 4:176686851 176686851 11 C T 0.099 -3.674612 1.127744 1.647775 1.734763 0.001272137 0.001226744 0.001555681 scaffold_4
632 533 4 4:179651947 179651947 19 A G 0.215 -2.616968 0.8132234 1.532485 1.623739 0.001457225 0.001476927 0.001890028 scaffold_4
634 395 4 4:181215213 181215213 12 T C 0.043 5.249467 1.598083 1.635984 1.735868 0.001162829 0.001122413 0.001432642 scaffold_4
639 285 4 4:185019459 185019459 7 A G 0.269 -2.615363 0.7697837 1.474075 1.563457 0.0007883008 0.00082434 0.001123674 scaffold_4
643 452 4 4:188378236 188378236 24 G A 0.412 -2.345053 0.7190329 1.56437 1.642963 0.001259191 0.001254991 0.001621419 scaffold_4
645 4 4 4:190084854 190084854 10 A G 0.329 -3.168039 0.7327347 1.627548 1.709205 2.200508e-05 2.056586e-05 3.960533e-05 scaffold_4
646 112 4 4:191260415 191260415 10 A C 0.343 -2.521723 0.6922032 1.690078 1.793052 0.0003261311 0.0003066009 0.0004349653 scaffold_4
647 402 4 4:195378691 195378691 4 T G 0.498 2.259408 0.6897233 1.733026 1.826306 0.001199101 0.001133503 0.001438079 scaffold_4
649 712 4 4:198741479 198741479 8 T C 0.068 4.448571 1.420831 1.519647 1.60578 0.001944509 0.00199187 0.00251525 scaffold_4
650 346 4 4:203066312 203066312 19 T G 0.32 -2.522144 0.7593509 1.676006 1.758995 0.001026071 0.0009802267 0.001261566 scaffold_4
652 540 4 4:213129631 213129631 8 G A 0.142 3.30436 1.034879 1.788739 1.880981 0.001584234 0.001494262 0.001861194 scaffold_4
653 884 4 4:220241792 220241792 20 T C 0.426 -2.364197 0.7650239 1.417453 1.492076 0.002219858 0.002459437 0.003226648 scaffold_4
654 849 4 4:222416420 222416420 6 T C 0.488 2.188147 0.7153247 1.672787 1.765984 0.002456953 0.002365124 0.002852321 scaffold_4
673 457 4 4:237509427 237509427 19 T C 0.092 4.189649 1.287751 2.083648 2.244468 0.001293446 0.001263857 0.001742026 scaffold_4
675 509 4 4:237987071 237987071 6 G T 0.175 -2.899461 0.8889903 1.391329 1.468308 0.001258662 0.001419124 0.001956013 scaffold_4
678 672 4 4:238603129 238603129 24 T G 0.197 -2.747332 0.8781097 1.67342 1.770994 0.001959063 0.001881061 0.002303438 scaffold_4
684 676 4 4:239971908 239971908 20 A G 0.422 -2.162404 0.6916517 1.674889 1.758119 0.001973582 0.001896356 0.002324554 scaffold_4
693 853 5 5:1339788 1339788 19 A C 0.253 2.542273 0.8291486 1.593038 1.678631 0.002400856 0.002374889 0.002903383 scaffold_5
694 933 5 5:1676962 1676962 5 A G 0.125 -3.431685 1.117144 1.429873 1.510185 0.002357004 0.002584339 0.003323312 scaffold_5
696 599 5 5:2183012 2183012 12 C T 0.087 3.80079 1.196848 1.53249 1.618212 0.001678093 0.001703803 0.002166414 scaffold_5
701 681 5 5:3091316 3091316 4 T C 0.307 2.267924 0.7235832 1.58223 1.668463 0.001923376 0.00190766 0.002371386 scaffold_5
704 447 5 5:4005622 4005622 23 G A 0.243 3.109486 0.9569542 1.713513 1.81311 0.001311494 0.001244127 0.001567343 scaffold_5
708 654 5 5:4766934 4766934 14 G A 0.281 2.577981 0.8228832 1.727269 1.827111 0.001932438 0.001834426 0.002246202 scaffold_5
711 573 5 5:5436435 5436435 17 T A 0.141 -3.247356 1.011964 1.434972 1.514547 0.001502044 0.001631284 0.002168731 scaffold_5
726 248 5 5:10963398 10963398 16 G A 0.105 -3.543812 1.038293 1.648745 1.737128 0.0007464335 0.0007154778 0.0009469452 scaffold_5
739 388 5 5:16446169 16446169 21 A C 0.3 2.454371 0.7473471 1.923195 2.039922 0.001165761 0.001100625 0.001442288 scaffold_5
741 184 5 5:18179163 18179163 12 T G 0.378 -2.486616 0.7067039 1.538864 1.633431 0.0005132057 0.000512919 0.0007111968 scaffold_5
743 973 5 5:20625116 20625116 6 < G 0.192 -2.83874 0.936967 1.60831 1.694593 0.002698501 0.002656175 0.003211009 scaffold_5
748 701 5 5:31197934 31197934 17 C A 0.326 -2.306099 0.7360889 1.537196 1.625923 0.001932155 0.001959659 0.002455742 scaffold_5
749 819 5 5:32030431 32030431 24 G C 0.085 3.756592 1.225394 1.787606 1.881234 0.002404773 0.00227546 0.002751852 scaffold_5
750 365 5 5:33513889 33513889 23 G A 0.33 2.674606 0.8101847 1.74706 1.835923 0.001099652 0.00103716 0.001325082 scaffold_5
751 88 5 5:44577478 44577478 15 A G 0.123 3.723624 1.011193 1.626488 1.709527 0.0002818192 0.0002697463 0.0003909869 scaffold_5
752 305 5 5:48173209 48173209 6 T A 0.206 2.915881 0.8620027 1.474451 1.54743 0.0008302229 0.0008699199 0.001197301 scaffold_5
758 477 5 5:74485558 74485558 14 A C 0.221 -2.650345 0.8156223 1.533142 1.61785 0.001310969 0.001327744 0.001718089 scaffold_5
762 32 5 5:117682133 117682133 12 A C 0.079 -5.508362 1.383311 1.633937 1.724856 8.909137e-05 8.41562e-05 0.0001368385 scaffold_5
763 462 5 5:140002762 140002762 8 C T 0.118 3.292258 1.016753 1.842792 1.940365 0.00136261 0.001281719 0.001626848 scaffold_5
764 964 5 5:144099708 144099708 16 A G 0.138 -3.544319 1.167387 1.573717 1.650754 0.002643827 0.002644549 0.003228507 scaffold_5
765 576 5 5:149918184 149918184 16 C G 0.343 -2.397462 0.7514659 1.510215 1.589062 0.001598064 0.001644986 0.002118724 scaffold_5
769 50 5 5:164583114 164583114 4 A G 0.067 -5.063563 1.316242 1.806941 1.914274 0.0001510247 0.0001390859 0.00021423 scaffold_5
770 435 5 5:166613616 166613616 24 C T 0.434 2.324296 0.7139146 1.736739 1.846291 0.001283672 0.001211484 0.001529765 scaffold_5
771 158 5 5:167285825 167285825 19 A T 0.364 -2.482019 0.6975781 1.587137 1.681836 0.0004451043 0.0004339698 0.0006042935 scaffold_5
774 228 5 5:171320642 171320642 13 A G 0.151 -3.205223 0.9312377 1.634895 1.720584 0.000674511 0.0006488558 0.0008680441 scaffold_5
777 217 5 5:174035300 174035300 18 C T 0.383 -2.495433 0.7057937 1.269594 1.332957 0.0004826811 0.000621887 0.001028953 scaffold_5
778 715 5 5:175646156 175646156 10 G T 0.288 -2.329332 0.7431107 1.495543 1.585587 0.001921656 0.001997733 0.002534042 scaffold_5
779 765 5 5:176595507 176595507 20 G C 0.294 -2.27395 0.7364732 1.702215 1.807939 0.002239647 0.002136981 0.002589311 scaffold_5
781 498 5 5:179194979 179194979 20 A C 0.116 3.490918 1.084744 1.962402 2.107014 0.001456358 0.001382902 0.00180729 scaffold_5
783 410 5 5:182295400 182295400 22 A C 0.258 -2.462999 0.7520182 1.642374 1.741598 0.001201682 0.001157948 0.001473551 scaffold_5
784 161 5 5:183551623 183551623 8 < C 0.284 -2.894118 0.8126179 1.48509 1.568779 0.0004396132 0.0004537649 0.0006506004 scaffold_5
787 224 5 5:186569334 186569334 21 G A 0.245 2.6221 0.7627524 1.892608 1.999381 0.0006846188 0.0006414606 0.0008699258 scaffold_5
788 52 5 5:186994438 186994438 13 G A 0.051 -6.004216 1.558984 1.536492 1.610905 0.0001484954 0.0001471417 0.0002318932 scaffold_5
791 147 5 5:190247345 190247345 19 G A 0.13 3.466951 0.9723804 1.653809 1.741121 0.0004333523 0.0004126759 0.0005724041 scaffold_5
793 785 5 5:192312807 192312807 24 T G 0.365 -2.213575 0.7175953 1.67438 1.76884 0.002260865 0.002173394 0.002635574 scaffold_5
794 559 5 5:193898728 193898728 11 T C 0.486 -2.146804 0.673778 1.659248 1.744158 0.001620335 0.001560475 0.001942455 scaffold_5
795 5 5 5:194868076 194868076 6 T G 0.347 -2.978176 0.6929705 1.52947 1.611479 2.454227e-05 2.396574e-05 4.632047e-05 scaffold_5
796 393 5 5:196156399 196156399 4 C A 0.364 2.328156 0.7018242 1.452175 1.523418 0.001040806 0.001111199 0.001525726 scaffold_5
798 826 5 5:198934463 198934463 0 G A 0.483 4.510217 1.468734 1.624883 1.717874 0.002364762 0.002308518 0.002804783 scaffold_5
802 9 5 5:202880083 202880083 11 T C 0.239 -3.319016 0.7763489 1.290942 1.349459 2.697666e-05 3.269935e-05 7.229962e-05 scaffold_5
805 840 5 5:204570249 204570249 12 C T 0.435 -2.082935 0.6805366 1.677363 1.7747 0.002443004 0.002347831 0.00283084 scaffold_5
806 818 5 5:204985499 204985499 15 A C 0.041 4.988223 1.626487 1.745832 1.852731 0.002395092 0.00227069 0.002741249 scaffold_5
813 465 5 5:206961039 206961039 17 G T 0.23 -2.670503 0.8254659 1.894939 2.010846 0.001375815 0.001296884 0.001664625 scaffold_5
832 966 5 5:213123589 213123589 11 A G 0.16 2.988959 0.9894489 1.938009 2.05402 0.002776058 0.002648797 0.003271114 scaffold_5
833 711 5 5:213388531 213388531 12 G A 0.049 4.735087 1.495313 2.452691 2.744207 0.001729119 0.001988863 0.00328298 scaffold_5
837 579 5 5:214168187 214168187 10 A G 0.22 2.438176 0.7712288 1.822515 1.956406 0.001759106 0.001651896 0.002058523 scaffold_5
842 902 5 5:215349031 215349031 23 C T 0.46 -2.086523 0.6824182 1.534737 1.621179 0.002468152 0.002512383 0.003107161 scaffold_5
848 42 6 6:4151872 4151872 19 C A 0.205 3.221898 0.8281334 1.873506 1.974172 0.0001275756 0.000117584 0.0001861797 scaffold_6
853 586 6 6:22306617 22306617 7 A G 0.305 2.305364 0.7292641 1.899128 2.011897 0.001760252 0.001664465 0.002098529 scaffold_6
854 180 6 6:24207693 24207693 20 T G 0.271 2.932753 0.8366019 1.805601 1.913043 0.0005378215 0.0005012646 0.0006833214 scaffold_6
856 8 6 6:31213624 31213624 12 T C 0.313 3.097193 0.7206462 1.444331 1.520761 2.453158e-05 2.535679e-05 5.041713e-05 scaffold_6
857 881 6 6:47616724 47616724 6 C G 0.02 6.573026 2.161014 1.780044 1.888044 0.002597465 0.002455146 0.002955686 scaffold_6
859 67 6 6:69730920 69730920 15 T G 0.142 -3.626915 0.9622127 1.678047 1.766011 0.0002032428 0.000191073 0.0002841627 scaffold_6
860 821 6 6:78981507 78981507 10 G A 0.294 -2.260099 0.7337554 1.576785 1.665724 0.002294283 0.00228445 0.002805345 scaffold_6
862 511 6 6:86714043 86714043 16 C G 0.26 2.410278 0.7514693 1.809773 1.907199 0.001509812 0.001420482 0.001781292 scaffold_6
864 315 6 6:88817917 88817917 23 G A 0.034 6.153676 1.836322 2.026036 2.157529 0.0009264444 0.0008901117 0.001227723 scaffold_6
867 761 6 6:92713974 92713974 17 T C 0.16 2.833611 0.9064369 1.446028 1.518886 0.001975757 0.002133566 0.002803607 scaffold_6
869 796 6 6:93892878 93892878 8 C T 0.164 -2.859832 0.9296193 1.773954 1.873959 0.002322901 0.002198677 0.002663151 scaffold_6
871 76 6 6:96348561 96348561 10 T C 0.19 3.246891 0.8580347 1.389727 1.456837 0.0001921615 0.0002128127 0.0003498828 scaffold_6
873 263 6 6:98256617 98256617 14 A C 0.26 -2.54402 0.74453 1.495064 1.575611 0.0007364531 0.000759177 0.001042536 scaffold_6
880 557 6 6:106597717 106597717 12 G A 0.144 -3.244456 1.019046 1.708432 1.810001 0.001633317 0.001553207 0.001924865 scaffold_6
883 166 6 6:110993563 110993563 8 A C 0.054 4.939369 1.400527 1.702429 1.78802 0.0004983216 0.0004699665 0.0006416377 scaffold_6
889 836 6 6:113448980 113448980 15 C A 0.461 -2.188722 0.6968467 1.31074 1.383882 0.001882161 0.00233304 0.003287949 scaffold_6
891 587 6 6:115932823 115932823 12 T G 0.028 -7.934892 2.492627 1.526264 1.598493 0.001635876 0.00167041 0.002137281 scaffold_6
893 174 6 6:120637521 120637521 22 A T 0.483 2.486577 0.7055908 1.633085 1.728839 0.0005031628 0.0004828171 0.0006608677 scaffold_6
894 448 6 6:122728417 122728417 22 A G 0.186 -2.881279 0.8813862 1.525998 1.611215 0.001227043 0.001246754 0.001624865 scaffold_6
899 175 6 6:132127516 132127516 5 A C 0.366 2.629742 0.7396455 1.42802 1.505072 0.0004493896 0.0004848746 0.0007109534 scaffold_6
905 51 6 6:144530416 144530416 21 T C 0.046 5.67761 1.476547 2.034863 2.161799 0.0001520708 0.0001440304 0.0002349822 scaffold_6
908 168 6 6:147330819 147330819 12 T C 0.222 3.34374 0.9444347 1.543039 1.629331 0.0004743455 0.0004729205 0.0006630543 scaffold_6
910 883 6 6:149035570 149035570 13 C T 0.3 2.223372 0.7301788 1.700197 1.798169 0.002569886 0.002458194 0.002951182 scaffold_6
939 386 6 6:162224494 162224494 8 C T 0.142 -3.085532 0.9234475 1.375472 1.452242 0.0009582391 0.001093925 0.001555415 scaffold_6
948 607 6 6:164586737 164586737 13 C T 0.245 -2.492975 0.7890911 1.643688 1.735858 0.001771452 0.001713577 0.002120637 scaffold_6
951 743 6 6:165292304 165292304 14 A G 0.166 2.84244 0.9187708 1.707942 1.812406 0.0021956 0.002092539 0.002538946 scaffold_6
957 186 6 6:167317980 167317980 3 T G 0.218 2.724948 0.7718458 1.455468 1.537962 0.0004918348 0.0005190078 0.0007473995 scaffold_6
959 856 6 6:169130337 169130337 19 T C 0.195 2.577072 0.844868 1.855426 1.966682 0.002526562 0.002388147 0.002910241 scaffold_6
963 87 7 7:1369420 1369420 14 G A 0.143 3.571465 0.9710667 1.965477 2.133247 0.0002866129 0.0002680264 0.000401144 scaffold_7
976 583 7 7:4083893 4083893 3 T C 0.069 4.006719 1.263696 1.610109 1.739218 0.001706294 0.001662596 0.002058415 scaffold_7
984 321 7 7:5555875 5555875 23 G A 0.138 -3.370147 1.006173 1.644167 1.725282 0.0009316375 0.000897167 0.001167739 scaffold_7
994 404 7 7:9533824 9533824 14 T A 0.357 -2.28233 0.6919207 1.502639 1.603308 0.001109795 0.001140504 0.001494223 scaffold_7
996 485 7 7:10784247 10784247 23 G A 0.415 2.239345 0.6927398 1.60929 1.702943 0.001387686 0.001355133 0.001714419 scaffold_7
1002 994 7 7:14628169 14628169 18 C T 0.398 2.076937 0.6887917 1.650329 1.740523 0.002825097 0.00273968 0.003281755 scaffold_7
1005 357 7 7:19229956 19229956 13 T C 0.298 -2.600594 0.776308 1.418586 1.500037 0.0009300915 0.001018622 0.001412766 scaffold_7
1006 150 7 7:21134883 21134883 5 T C 0.162 -3.455698 0.9679511 1.568451 1.651448 0.0004260313 0.0004192602 0.0005902651 scaffold_7
1007 306 7 7:23551079 23551079 6 A G 0.296 -2.346084 0.6991734 1.659677 1.752786 0.0009123719 0.0008732777 0.001134769 scaffold_7
1008 841 7 7:29280113 29280113 4 A G 0.488 -2.167092 0.7082633 1.695584 1.787711 0.002450863 0.002347998 0.002828803 scaffold_7
1009 614 7 7:41069401 41069401 10 T G 0.216 -2.567373 0.8122693 1.603477 1.685535 0.001763037 0.001732088 0.002161656 scaffold_7
1010 261 7 7:85088490 85088490 8 T G 0.174 3.385236 0.991783 1.548442 1.629393 0.0007459875 0.0007459054 0.001004412 scaffold_7
1011 13 7 7:102036740 102036740 15 T C 0.128 4.355218 1.05211 1.954465 2.086728 4.727821e-05 4.347872e-05 7.872644e-05 scaffold_7
1016 650 7 7:115943330 115943330 9 G C 0.38 2.375509 0.7555161 1.611352 1.703026 0.00186169 0.001823177 0.002256079 scaffold_7
1017 526 7 7:116409613 116409613 7 A C 0.48 -2.332517 0.7286551 1.723624 1.816305 0.001541869 0.001462499 0.001820311 scaffold_7
1025 565 7 7:130355131 130355131 6 A G 0.091 -3.638282 1.14624 1.785952 1.893118 0.001686822 0.001588163 0.001971712 scaffold_7
1037 658 7 7:143291245 143291245 18 T G 0.098 -3.646755 1.149803 1.434039 1.511895 0.001700658 0.001851088 0.00244755 scaffold_7
1038 486 7 7:144765635 144765635 3 A G 0.261 2.521601 0.7820004 1.70392 1.797971 0.001425657 0.001356011 0.001697929 scaffold_7
1047 182 7 7:153889635 153889635 20 T C 0.37 2.534343 0.7230055 1.697325 1.792254 0.000538334 0.0005082085 0.0006889355 scaffold_7
1056 644 7 7:160480020 160480020 13 A G 0.296 2.310231 0.734362 1.61664 1.714833 0.001851417 0.00180717 0.002233916 scaffold_7
1057 936 7 7:160815866 160815866 14 A G 0.256 -2.247583 0.7429523 1.77661 1.885973 0.002737613 0.002590008 0.003105914 scaffold_7
1059 322 7 7:162083989 162083989 8 A G 0.054 -4.691596 1.396033 1.536321 1.622823 0.0008962367 0.0009018555 0.001203364 scaffold_7
1061 12 7 7:162993373 162993373 10 T C 0.208 -3.372862 0.7925272 1.188547 1.253003 2.924723e-05 4.138602e-05 9.483055e-05 scaffold_7
1072 14 7 7:167649263 167649263 3 A G 0.227 3.284493 0.7894792 1.432271 1.49656 4.341725e-05 4.561432e-05 8.682926e-05 scaffold_7
1073 252 7 7:167977360 167977360 19 G C 0.22 3.061229 0.8927677 1.484901 1.564423 0.0007060913 0.0007328517 0.001011529 scaffold_7
1075 784 7 7:168700085 168700085 16 T C 0.118 3.437221 1.11619 1.794627 1.901393 0.002299913 0.002172335 0.002639469 scaffold_7
1085 480 7 7:172536052 172536052 9 T G 0.124 -3.353751 1.033996 1.569909 1.645927 0.001337727 0.001331165 0.00171036 scaffold_7
1145 241 8 8:21212608 21212608 20 G A 0.168 3.126634 0.9133882 1.639428 1.73686 0.0007206612 0.0006920018 0.0009179463 scaffold_8
1149 21 8 8:26875443 26875443 6 T C 0.27 3.206826 0.7773094 1.248668 1.314728 5.004916e-05 6.47075e-05 0.0001330019 scaffold_8
1150 328 8 8:28760934 28760934 8 A G 0.112 4.260573 1.263362 1.438094 1.508333 0.0008604398 0.0009275075 0.001297208 scaffold_8
1151 205 8 8:61992980 61992980 18 C T 0.281 -2.632185 0.7599048 1.707491 1.808252 0.0006241003 0.0005884677 0.0007873583 scaffold_8
1152 852 8 8:72452077 72452077 21 A G 0.329 2.280495 0.7409381 1.519682 1.599169 0.002311652 0.002373616 0.002977482 scaffold_8
1153 189 8 8:78373543 78373543 9 G A 0.365 -2.514127 0.7181151 1.626614 1.714399 0.0005466497 0.0005265583 0.0007170012 scaffold_8
1157 20 8 8:102836255 102836255 10 T C 0.466 2.813451 0.695177 1.662475 1.758324 6.872761e-05 6.417015e-05 0.0001071639 scaffold_8
1158 405 8 8:106463195 106463195 16 A G 0.374 -2.257143 0.6888525 1.682831 1.77514 0.001195636 0.00114071 0.001448854 scaffold_8
1160 156 8 8:112507979 112507979 4 C T 0.313 -2.885213 0.7986086 1.334543 1.400301 0.0003645352 0.0004309385 0.0006876511 scaffold_8
1165 423 8 8:124239383 124239383 12 A G 0.205 -2.624923 0.8023775 1.608492 1.70683 0.001217096 0.00118718 0.001514883 scaffold_8
1166 172 8 8:126794149 126794149 7 T C 0.416 2.409184 0.6748975 1.384166 1.452385 0.0004266704 0.0004791068 0.0007324243 scaffold_8
1167 331 8 8:130558422 130558422 11 G C 0.287 2.454752 0.7259126 1.39474 1.46604 0.0008333308 0.0009326485 0.00133786 scaffold_8
1169 894 8 8:138398158 138398158 2 T C 0.188 2.603892 0.8568322 1.852106 1.949287 0.002619721 0.002479772 0.003008635 scaffold_8
1173 430 8 8:146332872 146332872 9 T C 0.078 3.80575 1.168211 1.716772 1.808932 0.001274784 0.001207659 0.001524976 scaffold_8
1176 606 8 8:149531085 149531085 21 G T 0.2 2.765973 0.8769831 1.728942 1.822588 0.001802907 0.001711145 0.002105607 scaffold_8
1178 65 8 8:151198379 151198379 18 A G 0.117 -3.949375 1.028597 1.339944 1.409755 0.0001553985 0.0001806934 0.0003122518 scaffold_8
1179 126 8 8:152566408 152566408 7 G A 0.124 -3.729004 1.034008 1.691171 1.793265 0.0003732493 0.0003512978 0.0004921457 scaffold_8
1184 282 8 8:159202405 159202405 12 T C 0.148 -3.499448 1.029896 1.495441 1.577198 0.000787379 0.0008123612 0.001104404 scaffold_8
1186 585 8 8:159935966 159935966 20 T G 0.305 -2.520304 0.7720526 1.253633 1.318685 0.001246371 0.001663665 0.002551283 scaffold_8
1190 772 8 8:162983472 162983472 17 T G 0.12 -3.258902 1.055737 1.687805 1.780035 0.002245248 0.00215244 0.002609775 scaffold_8
1192 352 8 8:163984958 163984958 10 A T 0.379 2.262152 0.680216 1.571701 1.663507 0.001011406 0.001000885 0.00130593 scaffold_8
1211 257 8 8:169649591 169649591 17 C T 0.452 -2.271702 0.6678028 1.66588 1.759341 0.0007767339 0.0007408927 0.0009751349 scaffold_8
1241 778 9 9:2213905 2213905 3 T C 0.294 -2.283484 0.7400758 1.687935 1.77843 0.002255289 0.002162231 0.002621203 scaffold_9
1242 310 9 9:2624032 2624032 12 T G 0.274 2.469208 0.7344453 1.570977 1.660635 0.0008920773 0.0008822172 0.001163778 scaffold_9
1249 815 9 9:5448530 5448530 5 C G 0.071 -3.841552 1.243348 1.533303 1.618047 0.002224708 0.002263594 0.002827742 scaffold_9
1254 332 9 9:7617099 7617099 9 C T 0.438 2.315727 0.6935218 1.627113 1.720854 0.0009656523 0.0009341964 0.001211925 scaffold_9
1266 43 9 9:12028085 12028085 19 T C 0.132 -4.035513 1.026308 1.402308 1.480689 0.0001084788 0.000117885 0.0002008477 scaffold_9
1269 290 9 9:13468274 13468274 5 G C 0.2 -2.692893 0.7993742 1.656834 1.756759 0.0008714373 0.0008336452 0.001086817 scaffold_9
1271 31 9 9:14994845 14994845 7 A G 0.078 -4.801334 1.19498 1.405171 1.478207 7.723874e-05 8.345195e-05 0.0001489312 scaffold_9
1272 697 9 9:15598419 15598419 21 T C 0.272 -2.588757 0.8311323 1.932894 2.03967 0.002050538 0.00195126 0.002454008 scaffold_9
1276 719 9 9:17482172 17482172 20 C G 0.021 7.20053 2.318685 1.731143 1.831663 0.002113658 0.002006682 0.002441824 scaffold_9
1282 359 9 9:20461365 20461365 7 A G 0.454 -2.335745 0.7055345 1.65102 1.745028 0.001064947 0.001023353 0.001314164 scaffold_9
1285 329 9 9:22177673 22177673 18 T C 0.056 -5.050751 1.515476 1.879184 1.980258 0.0009868494 0.0009275217 0.00121496 scaffold_9
1288 72 9 9:25272445 25272445 9 A C 0.265 -2.810701 0.7431265 1.466438 1.539226 0.0001935098 0.0002008189 0.0003176794 scaffold_9
1289 383 9 9:27111987 27111987 13 A G 0.306 -2.449305 0.7388762 1.496995 1.571494 0.001049362 0.001084885 0.001456059 scaffold_9
1290 163 9 9:37301474 37301474 16 G T 0.05 -5.267425 1.490485 1.69486 1.783834 0.0004854859 0.0004583413 0.0006272622 scaffold_9
1291 59 9 9:79075384 79075384 10 T C 0.442 2.672286 0.6878727 1.278984 1.336168 0.0001304342 0.0001634692 0.0003083035 scaffold_9
1292 301 9 9:92108172 92108172 12 G A 0.372 -2.489177 0.7409013 1.679498 1.763261 0.0008993545 0.0008573747 0.001114769 scaffold_9
1293 655 9 9:94387673 94387673 13 C T 0.047 4.734667 1.511873 1.740384 1.843349 0.001940105 0.001837344 0.002250191 scaffold_9
1294 361 9 9:99689122 99689122 12 A G 0.39 -2.341262 0.7062134 1.588711 1.679799 0.001048183 0.001030288 0.001335699 scaffold_9
1296 626 9 9:104360672 104360672 18 A G 0.092 -3.908639 1.243727 1.800332 1.904929 0.001871118 0.001764282 0.002175807 scaffold_9
1298 616 9 9:110682101 110682101 8 G T 0.074 -4.035065 1.278292 1.626226 1.708139 0.001787266 0.001741393 0.002162735 scaffold_9
1301 26 9 9:116262749 116262749 15 G A 0.27 -3.293231 0.8196623 1.57279 1.64402 7.727897e-05 7.475723e-05 0.0001254855 scaffold_9
1303 390 9 9:120770817 120770817 3 G C 0.398 -3.313181 1.007471 1.641612 1.741669 0.001148034 0.00110667 0.001412644 scaffold_9
1306 90 9 9:126594919 126594919 23 T C 0.183 -3.13444 0.8487906 1.518964 1.603015 0.000271075 0.000272468 0.0004051248 scaffold_9
1311 577 9 9:135408356 135408356 20 T C 0.155 -2.935972 0.9270146 1.685751 1.783076 0.001726221 0.001650944 0.002038919 scaffold_9
1335 340 9 9:147546184 147546184 18 G A 0.392 -2.347848 0.7061283 1.744832 1.848858 0.001013764 0.0009543787 0.001227693 scaffold_9
1336 364 9 9:147769018 147769018 21 A G 0.162 -2.966217 0.8980293 1.701419 1.797231 0.00109291 0.001037116 0.001325467 scaffold_9
1338 108 9 9:148751872 148751872 9 A G 0.068 5.025668 1.376447 1.620476 1.702012 0.000316452 0.000304038 0.0004360948 scaffold_9
1342 314 9 9:150077056 150077056 15 T G 0.138 3.402992 1.017212 1.73865 1.85142 0.0009448016 0.0008880237 0.001149018 scaffold_9
1358 276 9 9:154042586 154042586 15 A G 0.082 4.059341 1.196805 1.611019 1.700875 0.0008041977 0.0007812269 0.001032086 scaffold_9
1395 955 10 10:6357825 6357825 19 C A 0.381 -2.37191 0.7761243 1.47593 1.552909 0.002479666 0.002622776 0.003336628 scaffold_10
1406 944 10 10:13400052 13400052 12 A G 0.043 4.704632 1.555774 1.800855 1.897694 0.002748325 0.002600461 0.003122315 scaffold_10
1409 776 10 10:18926106 18926106 16 G A 0.316 -2.374894 0.7674454 2.080303 2.208581 0.002189884 0.002156195 0.002844759 scaffold_10
1410 229 10 10:24795108 24795108 14 A G 0.037 6.618459 1.922876 1.636723 1.709798 0.0006743604 0.0006497856 0.0008702811 scaffold_10
1411 34 10 10:49784953 49784953 8 T C 0.07 5.626342 1.423389 1.866534 1.967368 9.999711e-05 9.19429e-05 0.00014914 scaffold_10
1412 74 10 10:71407735 71407735 23 G A 0.17 -3.487537 0.9314047 1.762219 1.867372 0.0002233795 0.0002070175 0.0003051477 scaffold_10
1413 39 10 10:77699714 77699714 10 C A 0.367 -2.786781 0.7101864 1.534202 1.618497 0.0001119569 0.000110621 0.0001789654 scaffold_10
1414 979 10 10:82053734 82053734 25 A C 0.187 2.900015 0.9594582 1.654522 1.757123 0.002760851 0.002670739 0.003196936 scaffold_10
1416 141 10 10:87189775 87189775 19 C T 0.276 -2.702737 0.7530186 1.571634 1.660193 0.0003974163 0.0003899501 0.0005512136 scaffold_10
1417 643 10 10:91794512 91794512 18 G A 0.267 2.457381 0.7832454 1.729453 1.83195 0.001903669 0.001806618 0.002214642 scaffold_10
1418 155 10 10:100013438 100013438 3 A C 0.012 9.839237 2.769391 1.671016 1.760066 0.0004535698 0.0004301213 0.0005930697 scaffold_10
1419 128 10 10:111449362 111449362 14 T C 0.48 2.43766 0.6768633 1.909642 2.024173 0.0003800783 0.000354765 0.0005085215 scaffold_10
1420 660 10 10:113784668 113784668 5 G T 0.178 -2.798754 0.883377 1.446756 1.523858 0.001719849 0.001852866 0.002439615 scaffold_10
1421 959 10 10:117591546 117591546 4 A C 0.411 2.218089 0.7277654 1.511584 1.593433 0.002546583 0.002630875 0.003272806 scaffold_10
1422 451 10 10:119973245 119973245 13 T C 0.284 -2.565905 0.7809392 1.440448 1.515771 0.001159612 0.001250865 0.001697874 scaffold_10
1423 191 10 10:123463782 123463782 22 A C 0.14 -3.611494 1.034249 1.878193 1.981887 0.0005647489 0.000527788 0.0007247563 scaffold_10
1425 170 10 10:126488562 126488562 16 G C 0.178 -2.957101 0.8382158 1.639043 1.74117 0.0004964245 0.0004748476 0.0006500134 scaffold_10
1431 930 10 10:132570244 132570244 10 T G 0.115 -3.378788 1.093032 1.365316 1.438025 0.002213733 0.00258088 0.003489943 scaffold_10
1440 178 10 10:138049359 138049359 18 G A 0.121 4.293541 1.221266 1.651124 1.766163 0.0005186989 0.0004940592 0.000672246 scaffold_10
1451 911 10 10:142498804 142498804 0 G A 0.109 4.541573 1.495175 1.669264 1.793364 0.002632239 0.002531365 0.003033225 scaffold_10
1456 106 10 10:144109326 144109326 1 A G 0.189 3.302854 0.8991928 1.488484 1.563711 0.0002917173 0.0002995374 0.0004472366 scaffold_10
1459 848 10 10:145377607 145377607 3 T C 0.222 2.669854 0.8611353 1.426495 1.505529 0.002148682 0.002360239 0.003066592 scaffold_10
1466 79 10 10:147015386 147015386 14 T C 0.348 -2.693254 0.7103986 1.317591 1.382573 0.0001870457 0.0002238433 0.0003878719 scaffold_10
