5 776 1 1:2297598 2297598 23 T C 0.036 2.33777 0.7201577 3.114148 3.442105 0.001324321 0.001615388 0.002321612 scaffold_1
15 406 1 1:5722498 5722498 18 G A 0.39 0.9556936 0.2831849 4.70729 5.319667 0.0008523719 0.0007855127 0.001050061 scaffold_1
21 212 1 1:8511834 8511834 25 G A 0.362 -1.072102 0.2975476 3.700857 4.152808 0.0003771709 0.0003766523 0.0005325578 scaffold_1
41 880 1 1:19099856 19099856 9 T C 0.402 -0.874589 0.2802836 4.416363 4.93895 0.002011466 0.001880523 0.002307133 scaffold_1
44 322 1 1:22382324 22382324 11 A G 0.179 1.1915 0.3448444 3.964955 4.477928 0.0006427852 0.0006161125 0.0008211784 scaffold_1
45 483 1 1:22747559 22747559 9 A G 0.108 -1.538472 0.4637918 4.410827 4.987226 0.001040214 0.0009660108 0.001246193 scaffold_1
46 127 1 1:24224767 24224767 7 G C 0.115 1.613865 0.4318915 4.703215 5.336399 0.0002295554 0.0002089333 0.0003141469 scaffold_1
47 377 1 1:24585424 24585424 10 G T 0.204 1.099201 0.319581 3.46408 3.823184 0.0006794306 0.0007255514 0.001012827 scaffold_1
49 299 1 1:26685050 26685050 9 C T 0.404 0.9584902 0.270067 3.056741 3.393743 0.0004592022 0.0005684755 0.0008782918 scaffold_1
53 806 1 1:28801821 28801821 10 T C 0.482 0.88687 0.2803512 4.031629 4.579831 0.00174597 0.001674453 0.002061349 scaffold_1
57 211 1 1:32673145 32673145 8 C T 0.262 -1.093455 0.3051977 4.354509 4.867968 0.0004062964 0.0003757375 0.0005230257 scaffold_1
58 883 1 1:33530227 33530227 16 C G 0.01 4.249236 1.356458 3.921009 4.358616 0.001932517 0.001891403 0.002323609 scaffold_1
59 59 1 1:34391083 34391083 8 T C 0.03 2.868577 0.7167776 3.667645 4.057474 8.211515e-05 8.160862e-05 0.0001357225 scaffold_1
61 708 1 1:37787594 37787594 10 C A 0.178 -1.098876 0.342961 4.191193 4.771298 0.001525353 0.00143716 0.00178933 scaffold_1
64 385 1 1:42185630 42185630 17 C T 0.212 1.087595 0.3202376 4.042959 4.573382 0.000791058 0.0007526936 0.0009850043 scaffold_1
65 133 1 1:43756458 43756458 14 T C 0.087 -1.971176 0.5236328 3.35344 3.694002 0.0002067399 0.0002259511 0.0003558676 scaffold_1
68 381 1 1:46550190 46550190 12 C T 0.056 1.912507 0.5618008 3.989046 4.463572 0.0007691372 0.0007378964 0.0009694471 scaffold_1
69 748 1 1:48873976 48873976 8 G A 0.427 -0.8776441 0.2717552 3.375427 3.800458 0.001400691 0.001542564 0.002020807 scaffold_1
74 403 1 1:53847363 53847363 14 T C 0.301 -1.02574 0.3023167 3.843032 4.303123 0.0008001764 0.0007848292 0.001032428 scaffold_1
78 128 1 1:61718343 61718343 26 C T 0.421 -1.087104 0.2886554 3.57904 3.989714 0.0002054334 0.0002099077 0.0003184762 scaffold_1
82 110 1 1:72020949 72020949 4 T G 0.018 4.722498 1.244934 3.764765 4.191582 0.0001851855 0.0001819446 0.0002746992 scaffold_1
83 953 1 1:72716518 72716518 14 T G 0.057 -1.675899 0.5416381 4.382228 4.997842 0.002191083 0.002043742 0.002496506 scaffold_1
85 725 1 1:78639738 78639738 9 A G 0.046 2.275702 0.695468 3.127596 3.441189 0.001212792 0.001474612 0.002096528 scaffold_1
91 498 1 1:93276234 93276234 8 G A 0.198 1.125275 0.3403276 4.559944 5.166566 0.001079114 0.0009970273 0.001294147 scaffold_1
92 292 1 1:95315293 95315293 5 C G 0.082 -1.594676 0.4580048 4.076367 4.587547 0.0005847805 0.0005530817 0.0007425064 scaffold_1
93 461 1 1:101763223 101763223 23 T C 0.114 -1.634666 0.4886117 4.095878 4.583233 0.0009434067 0.0008956152 0.001155728 scaffold_1
94 25 1 1:125957972 125957972 5 A G 0.088 2.452884 0.5458795 2.186085 2.38973 1.058641e-05 2.508961e-05 8.34098e-05 scaffold_1
95 14 1 1:137523630 137523630 12 T C 0.341 -1.292835 0.3276796 6.335646 1e+05 0.0001027376 1.125661e-05 0.000209774 scaffold_1
96 222 1 1:160974939 160974939 13 G A 0.121 1.486742 0.4169804 4.470448 5.11451 0.0004326692 0.0003965048 0.0005537827 scaffold_1
97 106 1 1:161245300 161245300 21 T C 0.218 -1.41001 0.3724931 4.23636 4.835263 0.0001909495 0.0001758729 0.0002627833 scaffold_1
98 434 1 1:170595794 170595794 25 G A 0.011 4.796413 1.422615 3.911285 4.316147 0.0008620821 0.0008401113 0.001099284 scaffold_1
99 269 1 1:173162754 173162754 7 T C 0.18 -1.548093 0.4404103 3.930842 4.383253 0.0005190368 0.0005006293 0.0006813922 scaffold_1
107 30 1 1:187299396 187299396 25 T C 0.091 2.042651 0.4763412 3.081898 3.397237 2.547414e-05 3.026056e-05 6.271238e-05 scaffold_1
108 107 1 1:188674242 188674242 5 A C 0.018 4.35733 1.12099 2.826927 3.071185 0.000129099 0.0001791427 0.0003506823 scaffold_1
111 903 1 1:192023760 192023760 16 A < 0.455 -0.9214103 0.2934085 3.647281 4.071689 0.001883841 0.001936329 0.002422277 scaffold_1
121 735 1 1:202336764 202336764 3 A G 0.189 1.126991 0.3505212 3.665443 4.090729 0.001469771 0.001500636 0.001908763 scaffold_1
122 563 1 1:204332863 204332863 18 A G 0.064 1.722422 0.5234793 3.778852 4.21917 0.001140181 0.001135245 0.001458596 scaffold_1
134 996 1 1:220145162 220145162 7 A G 0.125 1.335047 0.4314029 3.950629 4.385491 0.002187286 0.002134635 0.002597836 scaffold_1
136 190 1 1:223891041 223891041 5 G A 0.431 1.026413 0.2803505 3.418758 3.8015 0.0003045106 0.0003265036 0.0004870384 scaffold_1
139 800 1 1:227377808 227377808 18 C T 0.037 2.328859 0.735165 3.967534 4.433429 0.001720857 0.001669205 0.002062291 scaffold_1
145 764 1 1:236361261 236361261 22 T G 0.015 3.441417 1.085657 4.389744 4.987641 0.001708994 0.001588044 0.001975144 scaffold_1
146 122 1 1:240150097 240150097 8 C T 0.107 1.617907 0.4286847 3.598682 4.009017 0.0001992701 0.0002025634 0.0003079054 scaffold_1
148 16 1 1:243193769 243193769 19 G A 0.044 2.691144 0.606194 4.080737 4.558502 1.33815e-05 1.223883e-05 2.487108e-05 scaffold_1
149 509 1 1:244565694 244565694 10 T C 0.026 3.079832 0.9235564 3.5674 3.939179 0.0009791548 0.001022507 0.001360133 scaffold_1
150 453 1 1:246473618 246473618 13 A G 0.192 -1.166004 0.3481209 4.229258 4.760548 0.0009308089 0.0008727614 0.001128708 scaffold_1
151 643 1 1:248576732 248576732 17 G A 0.412 -0.8535043 0.2634148 4.060478 4.616845 0.001351558 0.001287668 0.00161538 scaffold_1
152 368 1 1:251501832 251501832 11 T C 0.241 1.074229 0.3135934 3.804062 4.275803 0.0007137075 0.0007032598 0.0009345156 scaffold_1
159 528 1 1:258662187 258662187 17 T A 0.189 1.143432 0.3440465 3.501524 3.896876 0.001017886 0.001077281 0.001439888 scaffold_1
176 727 1 1:279541218 279541218 24 C T 0.184 1.214172 0.3799865 4.297626 4.790281 0.001570689 0.001476269 0.001835168 scaffold_1
188 456 1 1:288461581 288461581 23 T G 0.331 -1.02352 0.3050808 3.912725 4.406553 0.0009132828 0.0008863507 0.00114916 scaffold_1
191 872 1 1:289919405 289919405 7 T C 0.15 1.138721 0.360992 3.631245 4.001011 0.001798644 0.001857922 0.002362142 scaffold_1
195 859 1 1:292430119 292430119 10 < A 0.178 -0.9771456 0.3711585 6.421034 1e+05 0.008982102 0.001823625 0.01457602 scaffold_1
196 236 1 1:292956939 292956939 4 G A 0.387 -1.008357 0.2846776 4.604659 5.171113 0.0004709435 0.0004323523 0.0006022896 scaffold_1
199 657 1 1:294964260 294964260 9 C G 0.496 -0.878401 0.2718997 4.068342 4.536423 0.001395675 0.00133509 0.001672098 scaffold_1
215 747 2 2:1320152 1320152 8 G A 0.353 0.9421041 0.2935603 3.645528 4.02948 0.001499325 0.001540808 0.001973232 scaffold_2
261 396 2 2:17400075 17400075 22 T C 0.191 1.17935 0.3490669 4.567326 5.182326 0.0008412464 0.0007748785 0.001027094 scaffold_2
264 32 2 2:19439876 19439876 6 G A 0.118 1.713945 0.4069187 3.526221 3.918856 3.500581e-05 3.565466e-05 6.597282e-05 scaffold_2
265 185 2 2:19769651 19769651 26 G C 0.169 1.339462 0.364201 3.290497 3.65347 0.0002862612 0.0003202294 0.0004897684 scaffold_2
267 548 2 2:21480333 21480333 15 A G 0.024 2.653444 0.8057727 3.829559 4.259122 0.001129696 0.001115499 0.00143208 scaffold_2
268 431 2 2:22224296 22224296 10 A G 0.128 1.40647 0.4186274 4.363624 4.910722 0.0008982176 0.0008345276 0.001086744 scaffold_2
274 418 2 2:28174049 28174049 11 T G 0.5 0.9493652 0.2805259 3.868855 4.357166 0.0008248396 0.0008048685 0.00105363 scaffold_2
277 39 2 2:29962838 29962838 17 < A 0.414 1.199497 0.2917658 4.676859 5.284751 5.294693e-05 4.75943e-05 8.346836e-05 scaffold_2
278 83 2 2:32453212 32453212 10 G A 0.06 1.963451 0.5091286 4.509499 5.117305 0.0001453271 0.0001318968 0.0002049539 scaffold_2
280 20 2 2:36348375 36348375 13 T C 0.103 2.009151 0.4588296 3.975521 4.499149 1.735307e-05 1.60547e-05 3.152181e-05 scaffold_2
281 216 2 2:37075388 37075388 0 T C 0.042 3.191699 0.8872827 3.67072 4.097866 0.0003854996 0.0003874988 0.0005501094 scaffold_2
283 194 2 2:40054335 40054335 18 C A 0.477 -1.023153 0.283222 4.396309 5.031414 0.0003643644 0.0003343215 0.0004724639 scaffold_2
285 24 2 2:44796760 44796760 9 A G 0.052 2.318387 0.5391733 3.57022 3.987368 2.425312e-05 2.430164e-05 4.672867e-05 scaffold_2
286 888 2 2:49219345 49219345 8 A C 0.339 0.9441526 0.29664 3.240036 3.603228 0.001637273 0.001901605 0.002549869 scaffold_2
288 571 2 2:57404912 57404912 14 C G 0.02 2.81967 0.8640407 4.70975 5.32331 0.001249677 0.001155178 0.001499414 scaffold_2
291 417 2 2:86533153 86533153 10 G A 0.328 -1.002686 0.2966436 3.983574 4.466561 0.0008367939 0.0008045063 0.001049307 scaffold_2
293 66 2 2:130924669 130924669 13 A G 0.336 1.093641 0.2773564 3.643168 4.056817 0.0001036855 0.0001036942 0.0001678176 scaffold_2
294 878 2 2:141842757 141842757 4 T C 0.047 1.941832 0.6212902 4.153158 4.652675 0.001978108 0.001880174 0.00229477 scaffold_2
295 52 2 2:148747353 148747353 15 T C 0.288 1.362527 0.3367852 3.40837 3.767335 6.89742e-05 7.317019e-05 0.0001276914 scaffold_2
299 940 2 2:174130092 174130092 10 T G 0.276 -0.9970317 0.3204771 3.993956 4.44869 0.002073419 0.002009075 0.0024492 scaffold_2
308 259 2 2:185869140 185869140 8 G A 0.337 -0.9755759 0.2959416 5.273524 1e+05 0.001116387 0.0004769009 0.001466695 scaffold_2
310 410 2 2:187774486 187774486 17 A G 0.14 -1.156506 0.4214724 5.708876 1e+05 0.006496185 0.0007904708 0.00858241 scaffold_2
313 647 2 2:189628039 189628039 6 C G 0.02 3.048646 0.940972 3.971993 4.433221 0.001352755 0.001308906 0.001646045 scaffold_2
314 676 2 2:190587729 190587729 3 A G 0.195 1.05671 0.3283117 4.23396 4.722383 0.001452968 0.001370353 0.001711355 scaffold_2
322 49 2 2:201980733 201980733 20 G C 0.388 -1.230041 0.310043 4.562765 1e+05 9.423695e-05 7.128981e-05 0.0001389483 scaffold_2
328 423 2 2:207713495 207713495 9 T A 0.261 -1.05123 0.31235 4.843448 5.442087 0.0008802207 0.0008143678 0.001097154 scaffold_2
339 793 2 2:215191354 215191354 17 A G 0.072 1.56254 0.4925098 3.918038 4.370481 0.001693709 0.00165447 0.002050571 scaffold_2
340 35 2 2:215906193 215906193 20 G T 0.369 1.040517 0.2742287 7.028207 1e+05 0.0001845034 4.233884e-05 0.0004529773 scaffold_2
341 808 2 2:216676422 216676422 18 A T 0.45 -0.8967344 0.2844415 4.854143 5.531464 0.001809404 0.001679931 0.002152374 scaffold_2
342 753 2 2:217553490 217553490 11 A G 0.207 1.078462 0.3396858 4.840413 5.577861 0.001680998 0.001553525 0.002006869 scaffold_2
343 759 2 2:218205311 218205311 5 A G 0.38 0.9547082 0.3005047 4.237111 4.801885 0.001669137 0.001569701 0.001942811 scaffold_2
344 113 2 2:219512699 219512699 6 T A 0.035 2.711444 0.7185883 4.060757 4.516337 0.0001998973 0.0001881861 0.000279268 scaffold_2
345 237 2 2:220226973 220226973 16 A G 0.213 1.252403 0.3532132 4.04662 4.586353 0.0004647838 0.0004397513 0.0006021934 scaffold_2
346 844 2 2:221433785 221433785 10 T C 0.204 -1.239007 0.3926775 3.803758 4.286794 0.001793574 0.00178147 0.002204177 scaffold_2
352 8 2 2:226246201 226246201 24 A G 0.044 2.788311 0.6110073 4.668717 5.263765 7.789454e-06 6.878419e-06 1.540827e-05 scaffold_2
411 791 3 3:9425373 9425373 13 T A 0.31 -0.9501794 0.2977255 3.631885 4.038486 0.001590914 0.001639392 0.002083965 scaffold_3
421 526 3 3:15440922 15440922 11 T C 0.143 1.251253 0.3808868 4.676486 5.270425 0.00116068 0.001073422 0.001395552 scaffold_3
424 496 3 3:18014488 18014488 11 < A 0.012 3.677058 1.111638 4.501027 5.081128 0.00107419 0.0009939097 0.001285329 scaffold_3
425 501 3 3:18807002 18807002 22 C A 0.445 0.9500949 0.2861121 3.860419 4.244249 0.00102762 0.001010429 0.001310868 scaffold_3
426 703 3 3:19531877 19531877 8 G T 0.393 0.9009824 0.2806484 4.11589 4.586035 0.001493698 0.001423384 0.001772966 scaffold_3
427 328 3 3:19704483 19704483 16 A G 0.301 1.010152 0.2938488 4.60143 5.242617 0.0006838734 0.0006281856 0.0008495009 scaffold_3
430 71 3 3:23715416 23715416 21 A G 0.01 5.180792 1.315436 3.497171 3.866096 0.0001055897 0.0001096744 0.000180611 scaffold_3
431 337 3 3:26805437 26805437 26 T G 0.085 1.823344 0.5290541 3.842041 4.259228 0.0006630273 0.0006508706 0.0008720787 scaffold_3
432 723 3 3:28842856 28842856 7 C A 0.362 -0.954766 0.2991029 4.636642 5.267945 0.001587539 0.001470636 0.001864051 scaffold_3
433 167 3 3:32249467 32249467 19 A G 0.029 -2.66963 0.7302202 5.2058 6.04113 0.0003105001 0.000286627 0.000444574 scaffold_3
434 600 3 3:36001032 36001032 12 T G 0.367 -0.9562542 0.2943134 4.537912 5.124576 0.00131138 0.001215237 0.001550537 scaffold_3
435 671 3 3:50790178 50790178 17 T C 0.082 1.580071 0.4902803 4.123348 4.627706 0.001432784 0.001361226 0.001700544 scaffold_3
437 384 3 3:87728646 87728646 7 T G 0.298 1.034496 0.3052115 4.398927 4.941311 0.0008099964 0.0007518183 0.0009881317 scaffold_3
439 109 3 3:126648355 126648355 9 C A 0.096 1.749968 0.4637047 4.640465 5.196659 0.0001994479 0.0001818732 0.0002750926 scaffold_3
440 233 3 3:133517339 133517339 23 G A 0.12 1.512064 0.4250251 4.066583 4.535342 0.0004452701 0.0004217943 0.0005801766 scaffold_3
441 998 3 3:136436514 136436514 14 G A 0.382 -0.8719012 0.2800821 3.606815 4.014662 0.002060369 0.002139885 0.00267897 scaffold_3
447 227 3 3:156524979 156524979 3 T C 0.025 2.858274 0.8020029 4.320796 4.849612 0.000435154 0.0004030032 0.000557182 scaffold_3
452 287 3 3:161996413 161996413 17 C G 0.247 1.11934 0.3201965 3.85916 4.29305 0.0005562571 0.0005426689 0.0007370384 scaffold_3
453 354 3 3:162779562 162779562 19 G A 0.052 2.070498 0.6019963 3.780137 4.198465 0.0006797211 0.0006741829 0.0009043462 scaffold_3
454 343 3 3:166119845 166119845 11 T C 0.349 1.034143 0.3017611 5.058318 5.80446 0.0007099965 0.0006567056 0.0009283584 scaffold_3
463 172 3 3:175596849 175596849 19 C A 0.263 1.156677 0.3169801 4.20463 4.724357 0.0003185022 0.0002964858 0.0004207016 scaffold_3
464 188 3 3:177172492 177172492 26 C T 0.246 -1.087394 0.3339312 5.220153 1e+05 0.001279691 0.000324419 0.001650231 scaffold_3
466 138 3 3:178591961 178591961 12 A G 0.194 1.436865 0.383767 3.392381 3.717145 0.0002232597 0.0002411724 0.0003793695 scaffold_3
469 553 3 3:181057997 181057997 19 C T 0.079 -1.594122 0.4858582 4.066665 4.584162 0.001176835 0.001120381 0.001420783 scaffold_3
471 704 3 3:182647026 182647026 14 T C 0.474 0.8779423 0.273925 4.274948 4.795953 0.001520457 0.001427191 0.001778725 scaffold_3
481 599 3 3:196269962 196269962 19 A T 0.344 0.9368221 0.2867738 3.852841 4.322115 0.001235319 0.001213258 0.001541451 scaffold_3
482 29 3 3:198652901 198652901 5 A G 0.016 4.797537 1.12964 3.642168 4.01817 3.027374e-05 3.001018e-05 5.612213e-05 scaffold_3
483 46 3 3:199309368 199309368 11 G A 0.458 -1.187726 0.2931368 3.955866 4.39902 6.730602e-05 6.349682e-05 0.0001060138 scaffold_3
484 746 3 3:200207282 200207282 18 < A 0.18 -1.171205 0.366354 3.84633 4.335024 0.001562244 0.001538703 0.001919031 scaffold_3
486 910 3 3:202066664 202066664 16 A C 0.121 -1.38766 0.5509827 5.801836 1e+05 0.01239053 0.001949948 0.01647307 scaffold_3
492 586 3 3:207118809 207118809 17 A G 0.097 1.529274 0.4675682 3.884021 4.2948 0.001218939 0.001196128 0.00152443 scaffold_3
497 416 3 3:210132461 210132461 21 G A 0.41 -0.9765948 0.2897515 4.337437 4.912098 0.0008653552 0.0008042995 0.001050215 scaffold_3
498 302 3 3:210908817 210908817 2 A G 0.32 1.000095 0.2861002 3.588211 3.979608 0.0005566219 0.0005736384 0.00079686 scaffold_3
500 359 3 3:212261407 212261407 12 T C 0.175 1.179884 0.3430916 3.696332 4.087286 0.0006807057 0.0006861534 0.0009299173 scaffold_3
501 562 3 3:212780520 212780520 6 C G 0.207 -1.154426 0.3504114 3.705917 4.147245 0.001124139 0.001134719 0.001465018 scaffold_3
502 272 3 3:214147305 214147305 17 G A 0.154 1.307378 0.3739832 4.394105 4.977112 0.0005562004 0.0005131857 0.0006972011 scaffold_3
503 524 3 3:214450656 214450656 17 C A 0.288 -1.029343 0.3099103 3.584959 4.001887 0.0010251 0.001062778 0.001398354 scaffold_3
504 662 3 3:214807779 214807779 17 A T 0.249 -1.069257 0.3287514 3.618546 4.018401 0.00129651 0.001338442 0.001729288 scaffold_3
505 251 3 3:215296575 215296575 22 G A 0.113 -1.554656 0.4416117 4.397947 5.041939 0.0005092424 0.0004683114 0.000642479 scaffold_3
507 412 3 3:216402257 216402257 12 G A 0.175 -1.188375 0.3520023 4.201325 4.745879 0.0008487051 0.0007959745 0.001036843 scaffold_3
510 48 3 3:217750101 217750101 8 G A 0.419 1.26309 0.310646 3.414941 3.779267 6.356141e-05 6.722198e-05 0.0001181454 scaffold_3
511 96 3 3:218889489 218889489 5 G C 0.343 1.196807 0.3138374 4.165006 4.669922 0.000171496 0.0001592346 0.0002399119 scaffold_3
512 798 3 3:218986870 218986870 11 G A 0.253 -1.026722 0.3249508 4.297414 4.83809 0.001768045 0.001659641 0.002047497 scaffold_3
513 336 3 3:219495111 219495111 9 T A 0.151 -1.332499 0.3864672 3.809886 4.302737 0.0006595811 0.0006483441 0.0008657744 scaffold_3
516 170 3 3:221665031 221665031 14 G A 0.022 -2.761361 0.919179 6.878747 1e+05 0.002925124 0.0002939439 0.005666293 scaffold_3
539 75 4 4:766291 766291 19 C T 0.149 1.483055 0.3811576 4.204063 4.65524 0.0001271618 0.0001177082 0.0001829275 scaffold_4
540 195 4 4:1081883 1081883 11 A G 0.384 -1.111837 0.3075339 4.224469 4.767612 0.0003606615 0.0003352841 0.0004705892 scaffold_4
545 161 4 4:2270388 2270388 19 A G 0.156 1.862611 0.5081754 4.733757 5.408619 0.000299898 0.0002729712 0.0004021675 scaffold_4
546 2 4 4:2492089 2492089 3 A G 0.169 1.836953 0.3665502 4.141821 4.649075 1.004082e-06 8.900926e-07 2.658309e-06 scaffold_4
547 443 4 4:2765739 2765739 5 G A 0.42 -0.9560473 0.2796995 3.218201 3.582487 0.0007325854 0.0008503873 0.001210645 scaffold_4
548 435 4 4:3005487 3005487 17 A T 0.346 1.086452 0.3236323 4.434824 4.958808 0.0009065314 0.0008409202 0.001096553 scaffold_4
551 115 4 4:3598499 3598499 25 C T 0.111 1.588132 0.4222896 4.788523 5.424112 0.0002096275 0.0001908516 0.0002915753 scaffold_4
552 486 4 4:3624876 3624876 23 C T 0.251 1.114179 0.3360377 5.022352 5.7976 0.001045667 0.0009685382 0.001320703 scaffold_4
554 313 4 4:4066163 4066163 8 C T 0.121 1.431349 0.4053768 3.093553 3.394176 0.0004903583 0.0005987131 0.0009320993 scaffold_4
556 225 4 4:4687817 4687817 25 A G 0.357 1.078631 0.3025312 4.278428 4.838468 0.0004328899 0.0004013748 0.0005549156 scaffold_4
564 405 4 4:7486246 7486246 26 A C 0.267 1.082637 0.3204546 4.236054 4.849676 0.0008416518 0.0007853293 0.001025612 scaffold_4
569 681 4 4:10488034 10488034 10 G A 0.19 1.108693 0.3446237 5.247274 6.013746 0.001460318 0.001376239 0.00187788 scaffold_4
572 424 4 4:11299981 11299981 6 T C 0.157 1.402022 0.4453063 6.282864 1e+05 0.001834439 0.0008154087 0.003039031 scaffold_4
579 871 4 4:14953530 14953530 16 T G 0.164 -1.159258 0.3699655 4.040421 4.501205 0.001927298 0.00185529 0.002270911 scaffold_4
580 595 4 4:15320088 15320088 21 C G 0.299 0.9693617 0.2976547 4.153159 4.666586 0.001278291 0.001209736 0.001524528 scaffold_4
587 433 4 4:22734167 22734167 21 C G 0.113 1.592143 0.4698547 3.621525 4.008733 0.000812413 0.0008348936 0.001119934 scaffold_4
588 183 4 4:23903913 23903913 22 T C 0.378 -1.127257 0.3100277 5.721518 1e+05 0.000334254 0.0003175598 0.0005329084 scaffold_4
589 542 4 4:25681117 25681117 26 C T 0.404 -0.8811041 0.2799504 5.418138 1e+05 0.001841007 0.001100555 0.002421738 scaffold_4
590 718 4 4:28379265 28379265 10 T C 0.278 1.033337 0.3175479 3.303459 3.674789 0.001289357 0.001458923 0.0019631 scaffold_4
594 539 4 4:35250003 35250003 16 G A 0.426 -0.947222 0.2835733 3.27779 3.625597 0.0009605793 0.001094435 0.00152563 scaffold_4
595 344 4 4:44796996 44796996 14 T G 0.087 -2.12405 0.6089681 3.243234 3.597938 0.0005720664 0.0006569775 0.0009495249 scaffold_4
596 262 4 4:45693646 45693646 1 C G 0.174 1.771341 0.4939694 3.106539 3.427749 0.0004016451 0.0004857307 0.0007599948 scaffold_4
597 849 4 4:58635445 58635445 11 C T 0.271 1.038591 0.3249578 3.285674 3.624627 0.001566635 0.001791521 0.002410894 scaffold_4
599 545 4 4:124385439 124385439 21 G T 0.295 -1.02333 0.3125012 4.598219 5.259109 0.00120272 0.001109878 0.00143469 scaffold_4
600 119 4 4:131972379 131972379 26 A G 0.265 1.236454 0.3281538 3.840885 4.312032 0.0002040246 0.0001975308 0.0002936954 scaffold_4
601 355 4 4:142697049 142697049 24 A G 0.042 2.503939 0.7236973 3.452473 3.822309 0.0006320633 0.00067694 0.0009461344 scaffold_4
602 935 4 4:146025479 146025479 22 T G 0.149 1.228871 0.3924193 3.621283 4.061487 0.001939316 0.002004805 0.00250109 scaffold_4
604 315 4 4:151847901 151847901 16 A G 0.285 -1.149629 0.3335191 4.684301 5.357375 0.0006617574 0.0006070546 0.0008289662 scaffold_4
606 569 4 4:154877500 154877500 17 A G 0.362 -0.9405999 0.2875326 4.130327 4.624756 0.001216534 0.001154045 0.001459693 scaffold_4
623 325 4 4:173592820 173592820 14 T A 0.27 -1.163497 0.3318798 3.210286 3.569611 0.0005367205 0.0006230302 0.0009122414 scaffold_4
624 242 4 4:174089209 174089209 12 C T 0.232 1.232954 0.3362565 2.71176 2.986543 0.000298327 0.0004497571 0.0008213331 scaffold_4
633 411 4 4:180475928 180475928 14 C G 0.165 1.237349 0.3635931 3.61514 3.99227 0.0007721844 0.0007938631 0.001074183 scaffold_4
634 587 4 4:180665470 180665470 8 G C 0.155 -1.224059 0.3757959 4.243674 4.806026 0.001275785 0.001196423 0.001510903 scaffold_4
637 324 4 4:183568457 183568457 21 A G 0.197 1.357137 0.3938986 4.208736 4.731959 0.0006654414 0.0006230184 0.0008279531 scaffold_4
639 146 4 4:185353583 185353583 17 A G 0.329 -1.080824 0.2920946 3.87479 4.342616 0.0002632603 0.0002540897 0.0003683163 scaffold_4
644 875 4 4:189291545 189291545 21 G C 0.387 0.8999092 0.2781239 2.899364 3.210563 0.001372244 0.001870897 0.00281977 scaffold_4
645 1 4 4:190118347 190118347 9 G A 0.376 -1.385624 0.2662461 3.208148 3.538086 3.97617e-07 4.292533e-07 1.600696e-06 scaffold_4
649 297 4 4:199310910 199310910 4 T C 0.273 1.296518 0.3701353 3.535921 3.922589 0.0005424361 0.0005657653 0.0007937767 scaffold_4
650 395 4 4:203305187 203305187 11 A G 0.177 -1.208555 0.3509821 3.227163 3.567131 0.0006702655 0.0007746427 0.001129204 scaffold_4
651 837 4 4:209762061 209762061 19 T G 0.268 0.9663134 0.3075697 4.437606 5.016237 0.001875166 0.001747151 0.002159872 scaffold_4
653 857 4 4:215906705 215906705 22 T C 0.191 -1.169056 0.3720559 3.973046 4.441063 0.001872827 0.001817811 0.002231562 scaffold_4
664 428 4 4:234893688 234893688 10 G T 0.132 1.263888 0.3759833 4.439533 5.065443 0.0008925146 0.0008237719 0.001079673 scaffold_4
668 799 4 4:236160403 236160403 25 A C 0.289 1.048403 0.3320846 4.298705 4.916237 0.001783209 0.001667762 0.002060287 scaffold_4
674 67 4 4:237682460 237682460 19 A C 0.22 1.271474 0.3232766 3.645665 4.066807 0.0001078416 0.0001078391 0.0001735114 scaffold_4
675 794 4 4:237927823 237927823 10 C T 0.084 1.545458 0.4864431 3.824893 4.238182 0.001668898 0.0016565 0.002069529 scaffold_4
682 752 4 4:239546776 239546776 19 G C 0.199 -1.109184 0.3452071 3.556979 3.955176 0.00148008 0.001552368 0.001998684 scaffold_4
684 969 4 4:239917390 239917390 9 A G 0.488 0.9722363 0.3131886 3.867121 4.344187 0.00211968 0.002088346 0.002548517 scaffold_4
694 308 5 5:1621613 1621613 15 T C 0.135 -1.527777 0.4263896 2.783724 3.106447 0.0004058829 0.0005843458 0.0009634029 scaffold_5
696 732 5 5:2183055 2183055 10 A C 0.37 0.9767959 0.3031724 3.588737 3.998672 0.001436995 0.001494131 0.001918256 scaffold_5
703 464 5 5:3553804 3553804 11 G A 0.112 1.373275 0.4117298 4.422805 4.99644 0.0009770416 0.0009059013 0.001175254 scaffold_5
704 88 5 5:3784707 3784707 13 T < 0.457 1.065744 0.2764987 3.876789 4.275869 0.0001464935 0.0001408846 0.0002176117 scaffold_5
713 94 5 5:5643389 5643389 9 C T 0.257 1.180855 0.3087218 3.974053 4.415862 0.0001640849 0.0001556705 0.0002361434 scaffold_5
724 316 5 5:9720263 9720263 0 G A 0.437 1.810828 0.5255123 4.476391 5.191844 0.000664413 0.0006081025 0.000821417 scaffold_5
738 77 5 5:15731274 15731274 14 C T 0.272 -1.180306 0.3027074 3.59883 3.990562 0.0001231446 0.0001246769 0.0001996863 scaffold_5
740 884 5 5:17516998 17516998 12 G A 0.371 0.8660225 0.276413 3.871176 4.397593 0.001929494 0.001892723 0.002319656 scaffold_5
741 180 5 5:18179163 18179163 12 T G 0.385 -1.029957 0.2825794 3.851369 4.394967 0.000323501 0.0003129051 0.0004435706 scaffold_5
743 150 5 5:21387630 21387630 9 A G 0.072 1.871993 0.5093522 4.689525 5.287804 0.0002890078 0.0002640563 0.0003871767 scaffold_5
745 622 5 5:22650722 22650722 11 A C 0.189 1.330599 0.4109178 4.759772 5.428182 0.001360863 0.001257494 0.001631348 scaffold_5
748 984 5 5:31197934 31197934 18 C A 0.329 -0.9164995 0.2971552 4.402406 4.969544 0.002262496 0.002115444 0.002575946 scaffold_5
756 672 5 5:66058286 66058286 17 A G 0.449 0.9931445 0.3082097 4.138962 4.653232 0.001435138 0.00136156 0.001700793 scaffold_5
760 469 5 5:82273553 82273553 22 A G 0.261 1.083478 0.328799 5.139527 1e+05 0.001121183 0.0009151867 0.0014378 scaffold_5
762 65 5 5:95302590 95302590 12 A G 0.012 4.559883 1.152222 3.714885 4.094622 9.797592e-05 9.670993e-05 0.0001573806 scaffold_5
763 69 5 5:128827317 128827317 20 G C 0.042 2.510075 0.6412694 4.045092 4.551484 0.0001161103 0.0001085941 0.0001703331 scaffold_5
764 366 5 5:143798695 143798695 13 T G 0.198 -1.249659 0.3636162 3.625095 4.03415 0.0006860703 0.0007015689 0.0009524463 scaffold_5
765 111 5 5:152153916 152153916 13 A T 0.014 -3.717418 0.9852544 4.36698 4.955476 0.0002000786 0.0001826814 0.0002729491 scaffold_5
769 192 5 5:164699858 164699858 13 C T 0.107 -1.588459 0.4379998 3.957298 4.403106 0.000345994 0.0003314156 0.00046761 scaffold_5
770 203 5 5:166969302 166969302 24 T A 0.261 0.9784475 0.3153772 5.488576 1e+05 0.002132475 0.0003619723 0.002812615 scaffold_5
776 820 5 5:173153823 173153823 23 T C 0.215 -0.9775992 0.3281425 5.238484 1e+05 0.003165595 0.001715101 0.003892018 scaffold_5
779 447 5 5:175924782 175924782 11 A G 0.321 -0.9378968 0.2793452 4.007302 4.531712 0.0009051962 0.0008656506 0.001120844 scaffold_5
780 92 5 5:177880855 177880855 18 T A 0.014 4.220965 1.101932 3.996614 4.431296 0.0001606338 0.0001520881 0.0002311119 scaffold_5
781 688 5 5:178572264 178572264 12 T G 0.214 1.028867 0.3331275 5.087663 1e+05 0.00223145 0.001400019 0.002717145 scaffold_5
783 596 5 5:181444610 181444610 14 A G 0.461 0.8591534 0.2661513 5.464958 1e+05 0.001407646 0.001210451 0.001902633 scaffold_5
784 253 5 5:183936349 183936349 7 A G 0.192 1.22547 0.3480235 4.253773 4.819467 0.0005077567 0.000471635 0.000642628 scaffold_5
786 18 5 5:185463921 185463921 11 T C 0.388 1.201456 0.2706136 3.635994 4.014849 1.336192e-05 1.313991e-05 2.732688e-05 scaffold_5
791 132 5 5:190247345 190247345 19 G A 0.133 1.420148 0.3813627 4.385029 4.924662 0.0002409425 0.0002210105 0.000323816 scaffold_5
794 6 5 5:194151313 194151313 15 A T 0.163 1.609298 0.3482268 3.533605 3.955487 6.026073e-06 6.01118e-06 1.39163e-05 scaffold_5
795 733 5 5:194680351 194680351 17 T C 0.212 -1.083669 0.3400862 4.809565 5.528408 0.001617638 0.001494908 0.001928402 scaffold_5
797 936 5 5:197840206 197840206 23 T G 0.348 -0.8718538 0.2802555 3.985915 4.485512 0.002074503 0.00200632 0.002443141 scaffold_5
799 797 5 5:200164046 200164046 8 C T 0.315 -0.9222086 0.29215 4.912027 5.618258 0.001785615 0.00165919 0.002141667 scaffold_5
801 520 5 5:202472126 202472126 12 C T 0.264 -1.029875 0.3099037 3.590586 3.984371 0.001018829 0.001055921 0.001395084 scaffold_5
802 307 5 5:202632478 202632478 26 A G 0.205 1.234657 0.3520914 3.388054 3.729486 0.0005350673 0.0005834526 0.0008452189 scaffold_5
805 370 5 5:204482444 204482444 19 G C 0.415 0.9450626 0.2775825 4.672709 5.322102 0.0007681269 0.0007061065 0.0009507083 scaffold_5
806 134 5 5:204858977 204858977 13 C T 0.502 0.9824935 0.2626658 3.622485 4.066948 0.0002263461 0.0002287572 0.0003410531 scaffold_5
812 118 5 5:206661592 206661592 5 T C 0.345 -1.132929 0.3018067 4.761486 5.399894 0.0002152094 0.0001957824 0.0002978446 scaffold_5
819 749 5 5:209334061 209334061 21 C T 0.067 1.863311 0.5831687 3.862709 4.326346 0.001571492 0.001544935 0.001928107 scaffold_5
823 371 5 5:210724456 210724456 7 G A 0.308 1.040365 0.3049752 4.142977 4.644118 0.0007503218 0.0007079835 0.0009306869 scaffold_5
828 90 5 5:212025798 212025798 16 C T 0.379 -0.9517104 0.2706949 5.655463 1e+05 0.0005177512 0.0001445939 0.0007803299 scaffold_5
829 402 5 5:212428433 212428433 10 T G 0.264 0.8663584 0.319115 6.649337 1e+05 0.007077441 0.0007841644 0.01231498 scaffold_5
837 56 5 5:214168187 214168187 10 A G 0.218 1.108967 0.3011484 4.958195 1e+05 0.000281346 7.630909e-05 0.0003894648 scaffold_5
841 831 5 5:215108594 215108594 7 T G 0.113 1.277606 0.4331099 5.064628 1e+05 0.00347135 0.001735267 0.004107456 scaffold_5
845 522 5 5:216700299 216700299 20 A C 0.067 1.843162 0.5603369 4.407192 4.978517 0.001143889 0.001061024 0.001359298 scaffold_5
848 74 6 6:4237607 4237607 13 T C 0.034 2.740346 0.6992558 3.537713 3.906189 0.0001139866 0.0001172579 0.0001908146 scaffold_6
853 120 6 6:22605373 22605373 19 C A 0.174 1.412201 0.3724531 3.439837 3.792914 0.0001864269 0.0001981059 0.0003106615 scaffold_6
854 105 6 6:26411477 26411477 10 T C 0.204 1.414689 0.3727517 3.931597 4.454147 0.0001838584 0.0001749826 0.00026187 scaffold_6
855 141 6 6:30514448 30514448 21 C T 0.14 1.772997 0.4550095 2.382534 2.57115 0.0001243742 0.0002455549 0.0006367466 scaffold_6
856 9 6 6:31329885 31329885 11 C G 0.213 1.568171 0.3337493 2.519388 2.789476 4.263369e-06 7.073238e-06 2.130498e-05 scaffold_6
857 388 6 6:37313006 37313006 25 A G 0.313 -0.8756569 0.2889341 5.575851 1e+05 0.002688475 0.0007573763 0.003577343 scaffold_6
858 917 6 6:62716236 62716236 10 G C 0.242 1.001151 0.316741 3.345422 3.695709 0.001761254 0.001973092 0.002605721 scaffold_6
860 663 6 6:82184264 82184264 8 T G 0.014 3.77756 1.159099 3.532769 3.895561 0.00126802 0.00133934 0.001758415 scaffold_6
864 357 6 6:88756012 88756012 9 C T 0.396 0.951514 0.2779365 4.053033 4.551768 0.0007188812 0.0006836581 0.0009020346 scaffold_6
867 86 6 6:92774109 92774109 9 G A 0.482 -1.058296 0.2750057 4.179156 4.643415 0.000150016 0.000139263 0.0002127008 scaffold_6
868 979 6 6:93159371 93159371 6 T C 0.136 1.253608 0.4040726 3.866832 4.319588 0.002132714 0.002103473 0.002569903 scaffold_6
879 868 6 6:106051756 106051756 11 T C 0.404 0.8953824 0.2864389 4.319503 4.854617 0.001975334 0.001854215 0.002270644 scaffold_6
880 121 6 6:107220701 107220701 10 G A 0.278 1.291356 0.3387944 3.180838 3.485404 0.0001727093 0.0002009002 0.0003354014 scaffold_6
883 70 6 6:110993563 110993563 8 A C 0.056 2.202714 0.5609018 3.727233 4.119328 0.0001104062 0.000108802 0.0001743495 scaffold_6
894 117 6 6:123013614 123013614 13 T C 0.217 -1.303266 0.3445369 3.627336 4.036651 0.000192903 0.0001947495 0.0002964468 scaffold_6
903 13 6 6:139640817 139640817 10 T C 0.022 3.945032 0.8833734 4.879686 5.666523 1.193437e-05 1.053589e-05 2.283183e-05 scaffold_6
910 267 6 6:149022997 149022997 5 A T 0.349 -0.9587638 0.2737818 4.81153 5.477878 0.0005441785 0.0004994401 0.0007005403 scaffold_6
912 208 6 6:149865814 149865814 7 T C 0.316 1.017989 0.2838935 5.162829 5.933339 0.0004018174 0.000372231 0.000557513 scaffold_6
917 248 6 6:153054544 153054544 11 T A 0.321 1.068785 0.2955723 2.998472 3.302767 0.0003597943 0.0004577522 0.000746299 scaffold_6
922 992 6 6:155661913 155661913 8 A G 0.2 1.053089 0.3416826 4.895655 5.546294 0.002278507 0.002124676 0.002687342 scaffold_6
927 289 6 6:158385542 158385542 6 G A 0.047 2.862983 0.8233446 4.551806 5.174598 0.0005942952 0.0005455478 0.0007440214 scaffold_6
928 102 6 6:158670731 158670731 7 T C 0.221 1.207795 0.3174593 3.924811 4.349164 0.0001774365 0.0001697924 0.0002560282 scaffold_6
937 773 6 6:161852335 161852335 9 A C 0.223 -1.050242 0.3268561 3.424346 3.845186 0.001479749 0.001607229 0.002087401 scaffold_6
939 82 6 6:162215927 162215927 4 C G 0.283 1.168979 0.3029496 4.365529 4.92712 0.0001441168 0.0001316941 0.0002031217 scaffold_6
948 349 6 6:164578221 164578221 21 C G 0.429 0.998278 0.2915727 5.080424 5.89117 0.0007181822 0.0006641565 0.0009401312 scaffold_6
950 261 6 6:165046444 165046444 26 T C 0.269 -1.081717 0.307977 4.322061 4.932229 0.0005242508 0.0004842402 0.0006600439 scaffold_6
951 298 6 6:165233998 165233998 3 C G 0.088 1.585831 0.5009288 5.289152 1e+05 0.001732415 0.0005661271 0.002229708 scaffold_6
966 499 7 7:2142734 2142734 23 G A 0.184 -1.107565 0.3690982 5.076926 1e+05 0.002957116 0.0009981362 0.003534877 scaffold_7
971 204 7 7:3165247 3165247 21 T C 0.402 0.9326173 0.264802 4.598849 1e+05 0.0005064523 0.0003691737 0.0006436569 scaffold_7
976 4 7 7:4083893 4083893 3 T C 0.068 2.005961 0.4706309 6.593624 1e+05 2.839797e-05 1.522944e-06 7.014973e-05 scaffold_7
990 186 7 7:6926334 6926334 16 T C 0.113 1.472303 0.4059534 4.253034 4.767054 0.000345794 0.0003206788 0.0004519657 scaffold_7
1003 866 7 7:16022326 16022326 16 A G 0.025 2.463013 0.7835161 3.821807 4.281039 0.001864299 0.001848639 0.002283408 scaffold_7
1009 512 7 7:38709682 38709682 14 T C 0.059 1.787657 0.5389734 3.803954 4.265125 0.00104157 0.001030521 0.001329511 scaffold_7
1010 152 7 7:86771098 86771098 24 G A 0.176 1.513201 0.4110299 4.059369 4.537599 0.0002823678 0.0002665071 0.0003822686 scaffold_7
1011 230 7 7:101289877 101289877 22 A G 0.359 1.057237 0.2971659 5.217798 5.945886 0.0004450348 0.000414395 0.0006203338 scaffold_7
1015 126 7 7:112859861 112859861 22 C T 0.179 1.279187 0.3423214 4.66248 5.357616 0.0002294982 0.000208235 0.0003130574 scaffold_7
1016 646 7 7:116306277 116306277 7 T C 0.125 -1.370882 0.4247689 4.783919 5.482622 0.001410978 0.001302797 0.001691962 scaffold_7
1019 802 7 7:120596459 120596459 12 A G 0.044 -2.20669 0.6999053 4.554195 5.25459 0.001808056 0.001670857 0.002094252 scaffold_7
1020 712 7 7:123465639 123465639 16 A G 0.154 1.207209 0.3698266 3.241026 3.557628 0.001245864 0.001444897 0.002023373 scaffold_7
1021 191 7 7:124369904 124369904 14 C T 0.449 0.9880013 0.2691473 3.306729 3.63689 0.0002937614 0.0003271345 0.0005068295 scaffold_7
1024 782 7 7:128454420 128454420 25 A G 0.374 0.8936498 0.28273 4.746601 5.440112 0.001761241 0.001629374 0.00207372 scaffold_7
1025 754 7 7:129900157 129900157 20 C T 0.102 1.456909 0.45372 3.577584 3.955743 0.001490349 0.001556149 0.002008856 scaffold_7
1026 482 7 7:130910658 130910658 26 T C 0.162 -1.250683 0.3740368 3.681615 4.096577 0.0009492529 0.0009613943 0.001265742 scaffold_7
1029 924 7 7:133191956 133191956 24 C A 0.203 1.096622 0.3525356 4.061599 4.646858 0.002076235 0.001982885 0.002411221 scaffold_7
1033 801 7 7:139403345 139403345 15 T C 0.163 -1.20091 0.3774719 3.709532 4.108822 0.001644725 0.001669285 0.002104812 scaffold_7
1037 608 7 7:143780229 143780229 21 A G 0.496 -0.8922094 0.2748957 4.440758 5.044257 0.001326838 0.001231467 0.001562873 scaffold_7
1043 47 7 7:149756560 149756560 4 G T 0.135 1.903953 0.4699178 3.839904 4.240651 6.733572e-05 6.462544e-05 0.0001087457 scaffold_7
1048 840 7 7:155431536 155431536 16 A G 0.102 -1.41765 0.4512637 4.353105 4.886391 0.001876767 0.001757735 0.002162559 scaffold_7
1052 472 7 7:158072373 158072373 18 T C 0.041 2.214568 0.6627043 3.963881 4.425168 0.0009559274 0.0009227651 0.001192263 scaffold_7
1060 85 7 7:162129750 162129750 20 A T 0.479 -1.094185 0.2806002 3.247865 3.56032 0.0001230089 0.0001387832 0.0002375788 scaffold_7
1066 310 7 7:165295635 165295635 18 A G 0.081 -1.691905 0.484621 3.568497 3.937777 0.0005654787 0.0005863521 0.0008185154 scaffold_7
1067 829 7 7:165459800 165459800 17 T C 0.183 -1.124976 0.358111 4.754258 5.489315 0.001877355 0.001733504 0.002203992 scaffold_7
1074 220 7 7:168448105 168448105 8 G C 0.202 1.267757 0.3491762 3.219306 3.5257 0.000340826 0.0003933917 0.0006124809 scaffold_7
1077 771 7 7:170164385 170164385 16 C G 0.014 4.64205 1.455469 3.785537 4.176132 0.001601945 0.00160542 0.002016442 scaffold_7
1080 918 7 7:170997423 170997423 17 G A 0.206 1.249712 0.4025864 4.523575 5.108903 0.00212043 0.001973132 0.002429623 scaffold_7
1086 558 7 7:172768634 172768634 18 C G 0.463 -0.94026 0.2857274 3.792743 4.264016 0.001138532 0.001129325 0.001446403 scaffold_7
1095 893 7 7:174810933 174810933 5 C T 0.482 0.8954267 0.2862535 3.928094 4.380999 0.001961286 0.001916912 0.002349902 scaffold_7
1117 832 8 8:6942831 6942831 18 T C 0.13 -1.260196 0.3997643 3.992301 4.592607 0.001810988 0.001738658 0.002134384 scaffold_8
1130 283 8 8:11909451 11909451 21 < T 0.19 1.235739 0.3548789 4.544022 5.147409 0.0005840412 0.0005361499 0.0007317525 scaffold_8
1133 488 8 8:13440502 13440502 9 T C 0.016 3.551756 1.060149 3.542614 3.938949 0.0009281729 0.0009720907 0.001299343 scaffold_8
1145 696 8 8:21149169 21149169 10 G A 0.212 1.062867 0.3305721 4.000817 4.521449 0.001469528 0.001413532 0.001763169 scaffold_8
1147 594 8 8:22446448 22446448 9 T G 0.086 1.692822 0.5157478 3.620654 4.005356 0.001171951 0.001208927 0.001577781 scaffold_8
1148 451 8 8:23086981 23086981 14 G A 0.423 0.9583052 0.285137 3.932463 4.361751 0.0008946675 0.0008682098 0.001130318 scaffold_8
1149 334 8 8:27671607 27671607 4 G A 0.148 1.363661 0.3904289 3.249076 3.590199 0.0005623885 0.0006432867 0.0009483605 scaffold_8
1151 685 8 8:44399535 44399535 11 C T 0.179 -1.312175 0.4028491 3.433859 3.786984 0.001275822 0.001385408 0.001846592 scaffold_8
1153 280 8 8:81395069 81395069 17 C G 0.29 -1.095938 0.3085396 3.187945 3.546606 0.0004543493 0.0005308809 0.0007927101 scaffold_8
1156 265 8 8:100445921 100445921 4 T C 0.062 1.934121 0.5492087 3.847229 4.245171 0.000506985 0.0004962184 0.0006814933 scaffold_8
1157 458 8 8:103984984 103984984 12 T A 0.05 2.030393 0.6064565 4.096164 4.555119 0.0009355198 0.0008897435 0.001149203 scaffold_8
1160 205 8 8:112035409 112035409 16 T C 0.217 1.151686 0.3209651 4.206922 4.811697 0.0003983372 0.0003696455 0.0005145494 scaffold_8
1161 314 8 8:116598588 116598588 17 < G 0.082 1.657984 0.4736907 3.360297 3.753153 0.0005476708 0.0006011351 0.0008555063 scaffold_8
1164 667 8 8:121559383 121559383 5 G T 0.382 0.9294833 0.2828358 3.214859 3.590583 0.001155967 0.001349851 0.001849168 scaffold_8
1166 513 8 8:128137154 128137154 26 G T 0.011 4.214557 1.245021 3.043411 3.349524 0.0008222654 0.001032534 0.001569488 scaffold_8
1167 937 8 8:130875722 130875722 9 A G 0.197 -1.042216 0.3344937 3.891064 4.341037 0.002041737 0.00200641 0.002456492 scaffold_8
1176 655 8 8:149573615 149573615 16 T C 0.15 1.180819 0.3662345 4.405663 4.935807 0.001425958 0.001329293 0.001671686 scaffold_8
1178 79 8 8:151145817 151145817 7 G C 0.302 -1.296361 0.3318912 3.44163 3.794032 0.0001199119 0.0001267705 0.000207937 scaffold_8
1179 64 8 8:153159203 153159203 18 T C 0.116 -1.419567 0.4538834 8.282995 1e+05 0.00196442 9.550785e-05 0.006064639 scaffold_8
1180 756 8 8:154616455 154616455 7 T C 0.391 0.870605 0.2742496 4.478659 5.059532 0.001683125 0.001564284 0.001953251 scaffold_8
1184 972 8 8:159067887 159067887 8 G A 0.232 0.9723244 0.3142398 4.118247 4.623319 0.002190511 0.002089612 0.002532092 scaffold_8
1186 3 8 8:160415052 160415052 6 T C 0.059 2.849661 0.5758628 3.1946 3.494505 1.35091e-06 1.484919e-06 4.647313e-06 scaffold_8
1189 805 8 8:162381307 162381307 14 G A 0.185 1.261223 0.4001737 4.692216 5.418596 0.001814936 0.001673757 0.002122465 scaffold_8
1198 505 8 8:165924090 165924090 10 T G 0.09 1.514171 0.4571187 3.974392 4.471171 0.001057252 0.001017939 0.00130319 scaffold_8
1202 751 8 8:167015037 167015037 14 T G 0.368 -0.9593383 0.2974445 3.4225 3.801251 0.001420924 0.001547323 0.002035287 scaffold_8
1209 401 8 8:169073175 169073175 19 A G 0.432 0.9320312 0.2753846 4.063795 4.558505 0.000824156 0.0007838313 0.001022633 scaffold_8
1211 557 8 8:169546743 169546743 18 G T 0.496 0.9142273 0.2738914 3.21723 3.55979 0.0009685251 0.00112882 0.001595179 scaffold_8
1218 500 8 8:171313240 171313240 21 T C 0.153 1.221177 0.3695808 4.627906 5.250258 0.001087366 0.001003629 0.00130855 scaffold_8
1220 213 8 8:171570420 171570420 15 C A 0.11 1.492387 0.4158349 3.920039 4.402095 0.0003973266 0.0003818779 0.0005319107 scaffold_8
1221 724 8 8:171740411 171740411 15 A G 0.2 1.143442 0.3549816 3.671262 4.036308 0.001440789 0.001472275 0.001895741 scaffold_8
1224 288 8 8:172533088 172533088 19 C T 0.268 1.191743 0.3409986 3.870567 4.288626 0.0005581153 0.0005441998 0.0007392283 scaffold_8
1225 750 8 8:172558111 172558111 5 A G 0.261 0.9952126 0.3128338 4.304025 4.782845 0.001645669 0.001547048 0.001916491 scaffold_8
1226 677 8 8:172964562 172964562 6 C G 0.069 1.638471 0.5077001 3.934192 4.424685 0.001411538 0.001370384 0.001717796 scaffold_8
1228 786 8 8:173852968 173852968 11 C T 0.452 -0.8497909 0.2686734 4.360563 4.918186 0.001748915 0.001633825 0.002022436 scaffold_8
1238 523 9 9:765498 765498 13 T C 0.103 1.422965 0.4891193 5.925046 1e+05 0.003938986 0.001061055 0.005634797 scaffold_9
1241 273 9 9:2213905 2213905 3 T C 0.292 -1.038049 0.2956311 3.831397 4.27261 0.0005261971 0.0005153752 0.0007035861 scaffold_9
1245 690 9 9:4009993 4009993 8 C T 0.331 1.031962 0.3201854 3.857141 4.337623 0.001431711 0.001406455 0.001765904 scaffold_9
1250 84 9 9:5789628 5789628 12 C G 0.183 1.494574 0.387652 4.032574 4.5301 0.0001459133 0.0001369894 0.0002098215 scaffold_9
1254 295 9 9:7583385 7583385 15 G A 0.263 1.073979 0.309063 4.160485 4.643559 0.0005991988 0.0005638174 0.0007554081 scaffold_9
1255 178 9 9:7878836 7878836 20 T C 0.21 -1.262453 0.3460753 5.821108 6.690034 0.000319846 0.0003120717 0.0005289218 scaffold_9
1257 391 9 9:8469018 8469018 9 A T 0.235 -1.037051 0.3059447 4.097709 4.592108 0.0008093514 0.0007669528 0.001001973 scaffold_9
1263 154 9 9:11081423 11081423 19 G A 0.143 -1.456823 0.3965622 4.277139 4.87947 0.0002907477 0.0002681438 0.000384982 scaffold_9
1265 124 9 9:11928127 11928127 21 T A 0.331 1.052795 0.2814415 4.506631 5.085488 0.0002261308 0.0002061528 0.0003061189 scaffold_9
1266 239 9 9:12028188 12028188 22 G T 0.387 1.010658 0.2858468 4.312274 4.880582 0.0004820228 0.000446289 0.0006118413 scaffold_9
1273 856 9 9:16000286 16000286 11 T C 0.436 0.782126 0.2709049 5.206407 1e+05 0.004217734 0.001811769 0.005060794 scaffold_9
1276 182 9 9:17482172 17482172 21 C G 0.021 3.340074 0.9210116 4.511321 5.094386 0.0003461125 0.0003170093 0.0004518978 scaffold_9
1279 202 9 9:19239623 19239623 11 C T 0.179 -1.266912 0.351664 4.206976 4.734716 0.0003778713 0.000351879 0.0004915477 scaffold_9
1288 63 9 9:26191542 26191542 12 A G 0.196 1.415416 0.3519981 3.015772 3.346706 7.611202e-05 9.4217e-05 0.0001737315 scaffold_9
1289 22 9 9:26596642 26596642 9 G T 0.203 1.512081 0.3434779 2.972923 3.276611 1.569961e-05 1.954542e-05 4.426345e-05 scaffold_9
1290 906 9 9:29055866 29055866 6 A G 0.016 4.17198 1.332167 3.787561 4.205922 0.001938067 0.001941123 0.002400429 scaffold_9
1291 380 9 9:40354596 40354596 8 T C 0.016 4.483274 1.315619 3.974653 4.442144 0.0007597951 0.0007314237 0.0009620671 scaffold_9
1292 87 9 9:89801034 89801034 14 T C 0.187 -1.374017 0.3544397 3.500869 3.918537 0.0001344464 0.0001394757 0.0002217755 scaffold_9
1294 582 9 9:98902473 98902473 26 C A 0.462 -0.9538199 0.2923748 4.231247 4.747564 0.001254062 0.001178605 0.001488943 scaffold_9
1295 104 9 9:101938619 101938619 26 G T 0.387 -1.055699 0.2787241 4.732412 5.422887 0.0001892977 0.0001716324 0.0002642797 scaffold_9
1296 312 9 9:103926721 103926721 25 T C 0.385 0.9571563 0.2773011 4.6851 5.382254 0.0006507936 0.0005961586 0.0008163338 scaffold_9
1297 702 9 9:107859152 107859152 19 C T 0.344 -0.9421585 0.2938094 4.220685 4.783656 0.001512086 0.001422331 0.00177257 scaffold_9
1298 12 9 9:108527435 108527435 3 G A 0.208 -1.556769 0.3455791 4.344182 4.879508 1.007484e-05 9.005596e-06 1.91039e-05 scaffold_9
1301 145 9 9:116295582 116295582 16 A G 0.01 4.721926 1.269331 3.563999 3.945065 0.0002444684 0.0002514855 0.0003777425 scaffold_9
1302 946 9 9:117961958 117961958 2 T G 0.025 2.789149 0.8904685 3.574881 3.955448 0.001934867 0.002028341 0.002566103 scaffold_9
1303 160 9 9:122073782 122073782 17 A G 0.016 3.848487 1.042989 3.727833 4.134121 0.0002736831 0.0002717397 0.0003970811 scaffold_9
1304 737 9 9:123084019 123084019 24 C G 0.352 -0.879069 0.2750922 4.030622 4.549689 0.00156943 0.00150491 0.001867728 scaffold_9
1306 40 9 9:126658771 126658771 14 G C 0.024 3.818431 0.9296849 4.190778 4.711674 5.379932e-05 4.929372e-05 8.42954e-05 scaffold_9
1307 932 9 9:128377024 128377024 13 T C 0.275 1.037331 0.3330285 3.931363 4.39517 0.002048156 0.002000652 0.002443745 scaffold_9
1310 585 9 9:134189944 134189944 12 A G 0.448 -0.9439282 0.2878769 3.717057 4.139838 0.001185327 0.001194945 0.001539851 scaffold_9
1313 189 9 9:137165189 137165189 10 G C 0.086 1.756069 0.4799766 3.473497 3.844019 0.0003073731 0.000324652 0.0004826178 scaffold_9
1316 91 9 9:138578462 138578462 7 A G 0.03 3.320578 0.8605967 3.519104 3.858477 0.0001442269 0.000149775 0.0002393746 scaffold_9
1318 863 9 9:140155082 140155082 21 C T 0.059 1.82999 0.5834976 4.02085 4.492784 0.001909533 0.001842582 0.002256623 scaffold_9
1335 877 9 9:147613352 147613352 17 C T 0.436 -0.6845079 0.2565719 5.802069 1e+05 0.008115936 0.001876038 0.01091487 scaffold_9
1338 31 9 9:148751872 148751872 9 A G 0.068 2.345491 0.5532665 3.344642 3.69364 3.124854e-05 3.357932e-05 6.470635e-05 scaffold_9
1352 475 9 9:152707980 152707980 6 G C 0.364 -0.9827502 0.2929995 3.702855 4.118327 0.000915859 0.0009243878 0.001216547 scaffold_9
1358 57 9 9:154007567 154007567 9 T C 0.022 3.460708 0.8658951 3.848323 4.278353 8.388538e-05 8.05855e-05 0.000131782 scaffold_9
1364 519 9 9:155448956 155448956 24 G A 0.081 1.5812 0.4806628 4.724725 5.348263 0.001142943 0.001054596 0.001381829 scaffold_9
1375 911 10 10:2482974 2482974 4 T C 0.443 0.8489113 0.2727518 4.156529 4.670504 0.002064581 0.001960946 0.002386347 scaffold_10
1393 839 10 10:6050599 6050599 14 G A 0.163 -1.117101 0.3530936 3.752054 4.190731 0.001744068 0.001750581 0.002185317 scaffold_10
1398 73 10 10:8091908 8091908 23 G A 0.16 1.372188 0.3527903 5.028148 5.77728 0.0001278529 0.0001163626 0.0001920255 scaffold_10
1408 845 10 10:15917575 15917575 13 A G 0.241 1.041322 0.329071 3.650237 4.115163 0.001740177 0.001783456 0.00223029 scaffold_10
1409 626 10 10:21398185 21398185 23 C G 0.327 -0.9438336 0.2910223 4.142418 4.702938 0.001337903 0.001264455 0.001588352 scaffold_10
1410 137 10 10:24664342 24664342 26 A G 0.024 3.725448 0.9965637 3.472867 3.833314 0.0002282112 0.0002407928 0.0003676245 scaffold_10
1411 42 10 10:55825133 55825133 10 T C 0.348 1.271855 0.311611 3.606594 3.980706 5.969875e-05 6.00172e-05 0.0001040475 scaffold_10
1412 60 10 10:68937715 68937715 14 T C 0.333 -1.179739 0.2901428 2.931164 3.198147 6.354778e-05 8.22483e-05 0.0001653286 scaffold_10
1413 761 10 10:77203313 77203313 8 C A 0.391 0.9759862 0.3034478 3.46255 3.811016 0.001464184 0.001578183 0.002085142 scaffold_10
1414 228 10 10:79762642 79762642 23 G A 0.146 1.283185 0.3599451 4.007864 4.443256 0.0004335323 0.000413251 0.0005710019 scaffold_10
1415 445 10 10:84818424 84818424 18 G C 0.074 1.671907 0.4985397 4.330243 4.846363 0.0009174226 0.000855832 0.001110285 scaffold_10
1416 467 10 10:88413020 88413020 18 C T 0.494 -0.8973929 0.2668869 3.635538 4.042339 0.0008897578 0.0009103042 0.001209772 scaffold_10
1418 329 10 10:104690258 104690258 7 A G 0.036 2.286302 0.6643128 4.202915 4.743622 0.000674418 0.0006308015 0.0008375208 scaffold_10
1419 100 10 10:111200464 111200464 3 T C 0.125 1.577391 0.3988133 2.555453 2.787643 9.88524e-05 0.0001657654 0.0003742331 scaffold_10
1420 365 10 10:113849438 113849438 8 A C 0.107 -1.485398 0.4358653 4.686739 5.3022 0.0007592705 0.0006990373 0.0009415953 scaffold_10
1421 463 10 10:117096500 117096500 20 T C 0.237 1.073757 0.3201567 3.822118 4.304755 0.000916664 0.0009024158 0.001173283 scaffold_10
1422 193 10 10:118659787 118659787 11 T C 0.06 -2.118485 0.5862254 5.01194 5.780298 0.0003627316 0.0003326939 0.0004954721 scaffold_10
1423 521 10 10:123700826 123700826 25 T C 0.34 1.081403 0.3288343 4.587817 5.257767 0.001146962 0.001056923 0.001371567 scaffold_10
1424 7 10 10:125124096 125124096 11 T C 0.05 2.890336 0.6245162 3.167875 3.470692 5.848594e-06 6.604614e-06 1.642521e-05 scaffold_10
1425 15 10 10:127592377 127592377 5 A G 0.076 2.31893 0.5166779 3.343 3.697794 1.083349e-05 1.152392e-05 2.531904e-05 scaffold_10
1426 907 10 10:127884174 127884174 16 G T 0.342 0.9357446 0.3007899 4.320585 4.908249 0.002074285 0.001942533 0.002374061 scaffold_10
1427 580 10 10:130302103 130302103 18 C T 0.395 0.9078692 0.2758913 3.618467 3.999959 0.001138847 0.001173587 0.001540853 scaffold_10
1431 140 10 10:132907995 132907995 4 A G 0.266 1.285069 0.3469939 4.072231 4.566386 0.0002601468 0.0002446104 0.0003535792 scaffold_10
1436 560 10 10:136131008 136131008 5 G A 0.404 -0.9331669 0.285072 4.272483 4.768035 0.001207638 0.001133179 0.001436236 scaffold_10
1439 429 10 10:137525512 137525512 8 T G 0.026 2.743362 0.8081817 3.547693 3.931868 0.0007958417 0.0008320945 0.001126692 scaffold_10
1444 642 10 10:140163135 140163135 9 A G 0.404 0.9156518 0.2821449 3.952889 4.44335 0.001328199 0.001286129 0.001618704 scaffold_10
1445 711 10 10:140385609 140385609 25 G C 0.191 1.224346 0.3740249 3.16216 3.52665 0.001207672 0.001440578 0.002001266 scaffold_10
1453 495 10 10:142920604 142920604 14 C T 0.232 1.068023 0.3205381 3.723643 4.159289 0.0009885917 0.0009932179 0.001294918 scaffold_10
1454 210 10 10:143196303 143196303 19 C T 0.017 4.293658 1.200209 4.496058 5.3182 0.0004142961 0.000374995 0.0005314057 scaffold_10
1459 654 10 10:145377607 145377607 3 T C 0.216 1.141912 0.3524327 3.871122 4.339725 0.001351866 0.00132646 0.001672247 scaffold_10
