10 798 1 1:4445439 4445439 11 C T 0.268 -0.3166874 0.09992988 1.489593 1.579778 0.001712785 0.001759398 0.0022442 scaffold_1
18 833 1 1:6923376 6923376 7 C T 0.232 0.3765509 0.1194641 1.508669 1.604928 0.001812305 0.001842247 0.002320646 scaffold_1
44 159 1 1:22250687 22250687 17 G A 0.418 -0.3334938 0.09212539 1.945113 2.091189 0.0003542815 0.0003310714 0.000481096 scaffold_1
45 328 1 1:22745969 22745969 21 C G 0.142 -0.4819615 0.1372223 1.205996 1.26961 0.0005240429 0.0006994362 0.001168061 scaffold_1
46 746 1 1:24046658 24046658 13 G C 0.242 0.3359178 0.1056783 1.568092 1.664808 0.001659213 0.001638711 0.002052791 scaffold_1
48 743 1 1:26200420 26200420 24 A G 0.386 -0.3141019 0.09881317 1.578822 1.672792 0.001658866 0.001632397 0.002041355 scaffold_1
51 740 1 1:27648625 27648625 1 C G 0.177 -0.3495746 0.1096102 1.501641 1.605032 0.001601942 0.001630259 0.002071933 scaffold_1
55 10 1 1:30472383 30472383 14 A C 0.34 -0.3976224 0.09324593 1.736967 1.851356 2.813176e-05 2.563162e-05 4.728996e-05 scaffold_1
59 164 1 1:35056769 35056769 10 A G 0.167 0.4410773 0.1207455 1.373485 1.473993 0.0003137167 0.0003433225 0.0005172287 scaffold_1
60 297 1 1:35931274 35931274 11 A G 0.126 -0.448556 0.130224 1.757975 1.876473 0.0006671783 0.0006240913 0.0008295825 scaffold_1
61 170 1 1:37854585 37854585 11 G A 0.236 -0.359157 0.09986255 1.84732 1.98586 0.0003861528 0.0003580606 0.0005056462 scaffold_1
62 796 1 1:39073205 39073205 24 A G 0.475 0.2878174 0.09148432 1.695966 1.821335 0.001847971 0.001757841 0.002153978 scaffold_1
63 302 1 1:40130373 40130373 22 A G 0.184 0.413377 0.1201876 1.739072 1.86421 0.0006792262 0.000636077 0.0008435671 scaffold_1
64 396 1 1:41485648 41485648 11 T G 0.5 0.3988152 0.1180954 1.522506 1.622407 0.0008452531 0.0008464941 0.001123477 scaffold_1
68 165 1 1:47423525 47423525 12 T C 0.275 0.4113887 0.1138471 1.643274 1.750007 0.0003628171 0.0003446522 0.0004830149 scaffold_1
69 286 1 1:49189730 49189730 15 G A 0.043 -0.7025464 0.2009645 2.401237 2.614523 0.0005557559 0.0006020047 0.001025818 scaffold_1
71 605 1 1:51401295 51401295 17 C T 0.158 -0.4385268 0.1337829 1.393285 1.475505 0.001188911 0.001301385 0.001767659 scaffold_1
74 768 1 1:53415057 53415057 6 G A 0.375 0.2969459 0.09359944 1.531273 1.622641 0.001693479 0.001700989 0.002149641 scaffold_1
75 822 1 1:56032277 56032277 21 G A 0.058 -0.5696453 0.1817472 1.772974 1.917853 0.001921131 0.00180778 0.002221145 scaffold_1
77 8 1 1:59467487 59467487 22 C G 0.09 0.6668571 0.1529799 1.357267 1.433524 1.885076e-05 2.038051e-05 4.31628e-05 scaffold_1
78 388 1 1:61026443 61026443 24 C G 0.186 -0.3954893 0.1176532 1.8178 1.946016 0.0008922626 0.0008343289 0.001090191 scaffold_1
81 617 1 1:70146794 70146794 23 T C 0.408 -0.2944623 0.09108687 1.669103 1.793054 0.001384955 0.001320845 0.001653021 scaffold_1
82 808 1 1:72527048 72527048 13 A C 0.03 0.9317159 0.2961604 1.662709 1.761281 0.001848586 0.001774909 0.002178568 scaffold_1
90 802 1 1:88002440 88002440 9 G A 0.216 -0.3692502 0.1160211 1.417538 1.49968 0.001637707 0.001764835 0.002325119 scaffold_1
92 885 1 1:97437003 97437003 14 C A 0.49 0.3152278 0.1007914 1.539626 1.640689 0.001964107 0.00196638 0.002442556 scaffold_1
93 28 1 1:105822037 105822037 19 C T 0.492 0.4119234 0.1026776 1.825691 1.952745 7.890308e-05 7.220796e-05 0.000119069 scaffold_1
94 188 1 1:105935555 105935555 18 T C 0.5 0.3716708 0.1042157 1.665275 1.766854 0.0004310285 0.0004081024 0.0005627074 scaffold_1
95 90 1 1:141279358 141279358 13 A G 0.03 1.11682 0.2978299 1.482808 1.555729 0.0002182904 0.0002210527 0.0003384215 scaffold_1
97 631 1 1:164572995 164572995 6 C T 0.282 -0.340091 0.1052762 2.039891 2.180083 0.001395699 0.001345812 0.001794357 scaffold_1
99 364 1 1:173253929 173253929 7 T C 0.299 0.3449937 0.1015453 1.562629 1.669793 0.0007872451 0.0007729976 0.001022443 scaffold_1
100 122 1 1:175251196 175251196 11 T C 0.208 -0.3878161 0.1058685 1.604255 1.708918 0.0003020308 0.0002895844 0.0004143905 scaffold_1
101 437 1 1:179622953 179622953 6 A T 0.418 -0.3077116 0.09221617 1.63677 1.740178 0.0009715958 0.0009327024 0.001203153 scaffold_1
103 104 1 1:183479060 183479060 4 T C 0.265 0.4254309 0.1118822 1.171366 1.24223 0.0001787011 0.0002476103 0.000457954 scaffold_1
107 616 1 1:187299660 187299660 24 A G 0.093 0.4993958 0.1544422 1.675648 1.776513 0.001381322 0.001318653 0.001651882 scaffold_1
127 21 1 1:210891711 210891711 19 A G 0.269 0.4614325 0.1117027 1.260927 1.351557 4.880396e-05 5.881319e-05 0.0001125916 scaffold_1
131 664 1 1:214896588 214896588 14 A T 0.492 -0.2990079 0.09223543 1.416626 1.504857 0.001343499 0.001444301 0.001925807 scaffold_1
133 11 1 1:218825245 218825245 21 C T 0.208 0.4637898 0.1103171 1.697938 1.800762 3.611997e-05 3.320293e-05 5.935802e-05 scaffold_1
134 43 1 1:219955517 219955517 8 T C 0.063 0.6563776 0.1680036 1.664269 1.771559 0.0001193618 0.0001115861 0.0001743658 scaffold_1
135 462 1 1:222177774 222177774 5 C A 0.021 1.038933 0.3133766 1.901495 2.050695 0.001046392 0.0009818775 0.001288989 scaffold_1
136 95 1 1:223890238 223890238 8 G A 0.397 -0.3574775 0.09585438 1.523762 1.634587 0.0002358228 0.000232833 0.0003443902 scaffold_1
143 24 1 1:232808213 232808213 14 C T 0.247 0.4027347 0.09950982 1.66376 1.781699 6.848884e-05 6.362777e-05 0.0001055872 scaffold_1
144 82 1 1:235888326 235888326 26 A T 0.087 0.6511303 0.1731378 1.615909 1.751793 0.0002094627 0.0001987541 0.0002932427 scaffold_1
145 201 1 1:237527448 237527448 6 G A 0.143 0.511959 0.1439586 1.638754 1.768494 0.0004470733 0.0004248196 0.0005834974 scaffold_1
146 168 1 1:240150055 240150055 7 C G 0.246 0.3868633 0.1070204 1.597313 1.702815 0.0003610417 0.0003476136 0.0004894201 scaffold_1
150 271 1 1:247913368 247913368 13 T G 0.141 0.4540578 0.1296942 1.43523 1.537919 0.0005456762 0.0005725562 0.0008041218 scaffold_1
151 181 1 1:248346659 248346659 7 A G 0.193 0.4109516 0.1125215 1.259607 1.35231 0.0003145841 0.0003873553 0.0006175243 scaffold_1
152 903 1 1:251750276 251750276 8 G C 0.057 -0.6007222 0.1916717 1.455194 1.545489 0.001922089 0.002018562 0.002582062 scaffold_1
153 651 1 1:252855689 252855689 17 T A 0.385 0.2930534 0.09135473 1.762807 1.88431 0.001505547 0.001417884 0.001768377 scaffold_1
156 724 1 1:255047566 255047566 23 A G 0.116 0.4392486 0.1370939 1.453563 1.562216 0.001525114 0.001595512 0.002054301 scaffold_1
157 44 1 1:256631285 256631285 18 T A 0.16 0.4961046 0.1272479 1.61996 1.753253 0.000123244 0.0001162727 0.0001810628 scaffold_1
158 862 1 1:257473620 257473620 10 T C 0.289 -0.309449 0.09908938 1.695541 1.80613 0.001993907 0.001900319 0.002316263 scaffold_1
159 93 1 1:258754148 258754148 6 T C 0.267 0.3671528 0.09807581 1.474903 1.572422 0.0002235454 0.0002267879 0.0003426489 scaffold_1
163 259 1 1:263186710 263186710 11 A G 0.092 -0.5871666 0.1659759 1.34376 1.415708 0.0004782533 0.0005417968 0.0008239023 scaffold_1
170 836 1 1:273634689 273634689 25 G A 0.095 0.4603492 0.1467791 1.629063 1.733592 0.001908138 0.001845914 0.002266173 scaffold_1
175 983 1 1:278579646 278579646 17 C T 0.283 0.312209 0.1014175 1.707 1.841939 0.002304452 0.002189531 0.002643143 scaffold_1
176 609 1 1:279489439 279489439 21 T C 0.179 -0.3659557 0.1132675 1.85199 1.980311 0.001393666 0.001308979 0.001661602 scaffold_1
182 771 1 1:283392702 283392702 20 T G 0.346 -0.3006158 0.09489311 1.557629 1.665156 0.001719343 0.001704474 0.002125284 scaffold_1
185 314 1 1:286005145 286005145 10 A < 0.378 0.3546991 0.1026339 1.417606 1.513249 0.0006406275 0.0006821159 0.0009582853 scaffold_1
194 27 1 1:292003234 292003234 16 A G 0.349 0.3712567 0.09147532 1.447149 1.547314 6.543185e-05 6.669575e-05 0.0001151809 scaffold_1
201 244 1 1:295268675 295268675 24 A G 0.276 -0.3462193 0.0986863 1.563066 1.669469 0.0005315951 0.0005200823 0.0007107194 scaffold_1
207 19 1 1:299065072 299065072 14 G A 0.235 0.5033727 0.1210369 1.213645 1.282003 4.35331e-05 5.581538e-05 0.0001160149 scaffold_1
208 511 1 1:299281286 299281286 26 T C 0.209 0.4144017 0.1240019 1.3382 1.422805 0.000954823 0.001094387 0.001547287 scaffold_1
214 443 2 2:846945 846945 6 G A 0.463 -0.3073853 0.09237653 1.820166 1.928499 0.001003307 0.0009407081 0.001216157 scaffold_2
237 577 2 2:7327693 7327693 9 C T 0.226 -0.3984935 0.1222656 2.095773 2.22246 0.001266578 0.001238966 0.001707503 scaffold_2
247 204 2 2:11369000 11369000 18 G A 0.2 0.4161326 0.1160765 1.420753 1.493218 0.000402764 0.0004269646 0.0006379005 scaffold_2
252 774 2 2:12908283 12908283 24 A G 0.209 0.3514064 0.1113917 1.705537 1.814178 0.001796289 0.001707519 0.002096691 scaffold_2
264 191 2 2:19439876 19439876 6 G A 0.118 0.4849586 0.1358336 1.593397 1.690228 0.0004249932 0.0004106106 0.0005711789 scaffold_2
270 494 2 2:23330110 23330110 9 A C 0.135 -0.4307068 0.1298504 1.48335 1.584008 0.001040454 0.001066143 0.001404145 scaffold_2
273 33 2 2:26374391 26374391 10 G A 0.215 0.462448 0.1152172 1.330119 1.406776 7.830959e-05 8.812723e-05 0.0001591416 scaffold_2
277 681 2 2:31501599 31501599 17 C T 0.154 0.4213862 0.1312656 1.546922 1.658394 0.001493927 0.001485377 0.001871819 scaffold_2
279 719 2 2:33974256 33974256 11 T A 0.22 0.3682731 0.1146894 1.433852 1.520842 0.001489601 0.001583047 0.002088866 scaffold_2
280 36 2 2:35904934 35904934 7 G A 0.063 -0.7333181 0.1836095 1.391607 1.467421 8.473438e-05 9.041371e-05 0.0001573729 scaffold_2
283 35 2 2:41484501 41484501 20 G A 0.232 0.4283249 0.1080955 1.778863 1.88327 9.597064e-05 8.821395e-05 0.0001414364 scaffold_2
289 61 2 2:62483218 62483218 23 C T 0.221 -0.4316565 0.1123559 1.549512 1.651033 0.000153634 0.0001494625 0.0002303273 scaffold_2
290 291 2 2:62530048 62530048 23 G T 0.309 -0.3606712 0.1040418 1.51801 1.603276 0.0006168999 0.000618151 0.0008492345 scaffold_2
291 123 2 2:84317209 84317209 19 A G 0.229 0.4274803 0.1151059 1.302058 1.384357 0.000250044 0.0002930065 0.0004731723 scaffold_2
292 825 2 2:129937389 129937389 18 T C 0.263 -0.3469361 0.1099642 2.208452 2.372053 0.001794519 0.001821178 0.002577856 scaffold_2
295 264 2 2:147043475 147043475 6 G C 0.294 -0.3546375 0.1005573 1.365009 1.437981 0.0004975011 0.0005528008 0.0008310196 scaffold_2
299 233 2 2:173477540 173477540 25 C G 0.422 0.3265378 0.09297086 1.618445 1.728232 0.0005240591 0.0005025285 0.0006827587 scaffold_2
305 850 2 2:182901804 182901804 20 A G 0.212 -0.3413491 0.1090535 1.649952 1.763691 0.001947558 0.001872836 0.002289485 scaffold_2
311 341 2 2:188280258 188280258 13 T C 0.26 -0.3528471 0.1030885 1.522767 1.615165 0.0007203331 0.0007207806 0.0009719929 scaffold_2
318 137 2 2:194811070 194811070 15 C G 0.167 0.4311706 0.1160888 1.252388 1.336433 0.0002497204 0.0003095909 0.0005185585 scaffold_2
319 958 2 2:195762577 195762577 18 A G 0.397 0.3045307 0.09667511 1.324397 1.411594 0.001824038 0.002134041 0.002905421 scaffold_2
320 169 2 2:197058764 197058764 14 A G 0.16 -0.435403 0.1201651 1.501606 1.596193 0.0003499132 0.000351352 0.0005064895 scaffold_2
322 830 2 2:200744573 200744573 7 T A 0.15 0.4408219 0.1407308 1.736911 1.866904 0.001933124 0.001827127 0.002235337 scaffold_2
324 668 2 2:203916577 203916577 14 A G 0.055 -0.6197368 0.1931782 1.613252 1.710216 0.001504299 0.0014613 0.001829112 scaffold_2
325 366 2 2:205583741 205583741 12 T A 0.247 0.3727351 0.1099787 2.061364 2.201672 0.0008103483 0.0007819074 0.001091515 scaffold_2
338 615 2 2:214816992 214816992 16 T C 0.288 0.3452019 0.1068541 1.72743 1.861691 0.00139511 0.001316411 0.001648463 scaffold_2
342 29 2 2:217265768 217265768 20 T C 0.143 -0.5506239 0.1355437 1.27779 1.349154 6.4441e-05 7.652385e-05 0.0001462034 scaffold_2
352 909 2 2:226124237 226124237 22 A C 0.349 -0.2843778 0.09176281 1.855078 1.993506 0.002155453 0.002030162 0.002502632 scaffold_2
356 360 2 2:229661927 229661927 14 G A 0.298 -0.3506109 0.1031699 2.126739 2.294086 0.0007846406 0.0007685276 0.001108871 scaffold_2
359 937 2 2:231598841 231598841 23 A G 0.189 0.3518397 0.1133731 1.570385 1.667704 0.002125317 0.002102021 0.002585822 scaffold_2
366 143 2 2:234069750 234069750 16 G A 0.116 0.4917193 0.1353562 1.773209 1.886334 0.0003379936 0.0003139839 0.0004436372 scaffold_2
392 593 3 3:3913681 3913681 9 T C 0.325 0.3135397 0.09680017 1.796332 1.935213 0.001356001 0.001271636 0.0016058 scaffold_3
393 977 3 3:4064255 4064255 7 A G 0.378 0.3056548 0.09926827 1.734461 1.855116 0.002299782 0.002180584 0.00263416 scaffold_3
394 141 3 3:4345315 4345315 14 C G 0.148 0.4958091 0.1363235 1.666629 1.795641 0.0003327665 0.0003133103 0.000441803 scaffold_3
395 192 3 3:4448185 4448185 11 A T 0.17 0.4558068 0.1280625 1.783356 1.927696 0.0004423008 0.0004107869 0.0005680465 scaffold_3
397 391 3 3:4864292 4864292 11 C G 0.336 -0.3274547 0.09452086 1.199916 1.280221 0.0006218176 0.0008372619 0.001334098 scaffold_3
399 277 3 3:5676086 5676086 7 T G 0.159 0.4201693 0.1212399 1.739048 1.870983 0.0006190914 0.0005790344 0.0007741867 scaffold_3
424 89 3 3:17838453 17838453 13 A G 0.419 -0.3429146 0.09177474 1.691597 1.795726 0.0002295974 0.0002148577 0.0003139655 scaffold_3
427 62 3 3:19837423 19837423 25 T C 0.309 -0.3783234 0.09729341 1.276911 1.34319 0.0001282614 0.0001536216 0.0002801916 scaffold_3
431 190 3 3:24854625 24854625 9 A C 0.484 -0.3314773 0.09176467 1.347457 1.428344 0.0003645072 0.0004099339 0.0006273682 scaffold_3
435 920 3 3:47962028 47962028 20 A G 0.112 0.5850027 0.1886301 1.659445 1.780709 0.002139591 0.002054808 0.002492989 scaffold_3
437 688 3 3:84813232 84813232 8 T C 0.02 1.033721 0.3225149 1.570459 1.664735 0.001519063 0.001498506 0.001888241 scaffold_3
438 336 3 3:116017744 116017744 3 A G 0.205 0.3894414 0.114047 1.620673 1.715873 0.0007409145 0.0007133345 0.0009431967 scaffold_3
442 54 3 3:140110462 140110462 18 A G 0.321 -0.3828118 0.09945113 2.041996 2.172745 0.0001493233 0.0001411737 0.0002295676 scaffold_3
446 138 3 3:154094094 154094094 9 T C 0.468 0.3220872 0.08830756 1.584007 1.682686 0.0003203048 0.0003096261 0.0004422865 scaffold_3
454 858 3 3:165900222 165900222 9 T G 0.321 -0.2997493 0.09512152 1.466153 1.554449 0.001816941 0.001893563 0.002431698 scaffold_3
458 650 3 3:169961090 169961090 19 G A 0.229 0.3678988 0.1146628 1.766314 1.881304 0.001502202 0.001415915 0.001765681 scaffold_3
462 515 3 3:175413056 175413056 5 A G 0.205 0.3508247 0.1068156 1.723368 1.828022 0.001162921 0.001098397 0.001393215 scaffold_3
463 733 3 3:175564434 175564434 5 A G 0.156 0.4521874 0.1426874 1.745412 1.852911 0.00171289 0.001619266 0.001997011 scaffold_3
467 241 3 3:179269718 179269718 11 C T 0.354 -0.3194787 0.09133977 1.872199 1.994009 0.0005521466 0.0005150893 0.0007067226 scaffold_3
468 394 3 3:179847690 179847690 14 T C 0.099 0.5026621 0.1485707 1.488981 1.574785 0.0008270217 0.000843976 0.001141007 scaffold_3
469 116 3 3:180812756 180812756 17 T C 0.201 0.4453224 0.1187058 1.231539 1.30696 0.0002169538 0.0002762814 0.0004749176 scaffold_3
471 916 3 3:181821301 181821301 11 T C 0.328 0.3040598 0.09814819 1.746105 1.85715 0.002163081 0.002049218 0.002486271 scaffold_3
479 73 3 3:192056141 192056141 8 T C 0.101 0.6246571 0.1629938 1.35439 1.439774 0.0001593379 0.0001764272 0.0002893322 scaffold_3
482 378 3 3:197469099 197469099 15 A T 0.238 -0.3604143 0.1067256 1.686627 1.795409 0.0008453734 0.0008007015 0.001041505 scaffold_3
500 642 3 3:212105133 212105133 9 T C 0.119 -0.440084 0.1348754 1.375266 1.457623 0.00125103 0.001390092 0.001909788 scaffold_3
508 110 3 3:217239183 217239183 21 G T 0.392 0.3809166 0.1017015 1.278353 1.353466 0.0002219671 0.0002668557 0.0004480737 scaffold_3
515 67 3 3:221516550 221516550 14 C A 0.453 0.3705092 0.09659079 1.442877 1.543457 0.0001572273 0.0001621748 0.0002549306 scaffold_3
520 289 3 3:223649087 223649087 23 C G 0.206 0.4119832 0.1194409 1.733999 1.860949 0.000656018 0.0006149708 0.0008176778 scaffold_3
525 376 3 3:225675739 225675739 25 T A 0.081 0.7229378 0.2087927 1.24039 1.319923 0.0006260222 0.0007980139 0.001224999 scaffold_3
528 230 3 3:227209872 227209872 14 C T 0.19 -0.413992 0.1169302 1.43211 1.519274 0.0004733661 0.0004979539 0.0007166496 scaffold_3
529 70 3 3:227915394 227915394 21 T C 0.463 0.3548777 0.09288471 1.44855 1.544329 0.0001667107 0.000171469 0.0002687118 scaffold_3
561 498 4 4:6058339 6058339 9 C T 0.383 0.3273836 0.09911572 1.563812 1.666127 0.001091213 0.001074734 0.00138706 scaffold_4
570 534 4 4:10710121 10710121 17 A G 0.342 -0.3170946 0.09689704 1.803378 1.931503 0.001210965 0.001135635 0.001446097 scaffold_4
577 189 4 4:13871341 13871341 14 T C 0.383 -0.3305603 0.09284598 1.88187 2.024855 0.0004406092 0.0004099219 0.0005752843 scaffold_4
591 894 4 4:31131206 31131206 5 G A 0.348 0.2894907 0.09300591 1.628122 1.738199 0.00206233 0.001996818 0.002435795 scaffold_4
592 15 4 4:32296591 32296591 11 T G 0.306 0.4042996 0.09834528 1.759087 1.88129 5.291917e-05 4.836216e-05 8.286622e-05 scaffold_4
594 692 4 4:37055037 37055037 10 C T 0.418 0.3112304 0.09591698 1.35066 1.428704 0.001329978 0.001512573 0.002108474 scaffold_4
596 7 4 4:49473690 49473690 13 C G 0.026 1.232325 0.2761292 1.494898 1.571171 1.207347e-05 1.180031e-05 2.511431e-05 scaffold_4
597 91 4 4:62334833 62334833 16 A G 0.045 -0.7979277 0.2125344 1.443016 1.525274 0.0002146152 0.0002224572 0.000343757 scaffold_4
600 914 4 4:130600420 130600420 11 A T 0.138 0.4353921 0.1395905 1.523501 1.600399 0.002019253 0.002043015 0.002574545 scaffold_4
601 786 4 4:140584891 140584891 18 C T 0.298 -0.3141745 0.09983754 1.882886 2.008787 0.001843274 0.001739208 0.002175663 scaffold_4
604 661 4 4:152198543 152198543 11 A G 0.048 0.6504621 0.2021633 1.570326 1.671414 0.001457721 0.001436406 0.00181193 scaffold_4
610 320 4 4:158168019 158168019 24 C T 0.015 1.4274 0.4171031 1.670682 1.768934 0.0007218167 0.0006862614 0.0009050035 scaffold_4
611 707 4 4:159023138 159023138 12 A C 0.072 -0.5547526 0.1727352 1.456467 1.555927 0.001486951 0.001554051 0.002013588 scaffold_4
628 543 4 4:177077838 177077838 12 G T 0.116 0.4379394 0.134017 1.908081 2.03802 0.001230442 0.00115894 0.001502626 scaffold_4
629 502 4 4:177609400 177609400 11 T C 0.308 -0.3107106 0.09412098 1.567182 1.667503 0.001098177 0.001080378 0.001393848 scaffold_4
630 313 4 4:178276150 178276150 6 C A 0.322 0.3206765 0.09334307 2.122504 2.272855 0.0006888071 0.0006737979 0.0009829683 scaffold_4
633 177 4 4:180401329 180401329 13 G T 0.407 0.3329495 0.09271589 1.619044 1.729951 0.0003939101 0.0003767104 0.0005247395 scaffold_4
634 752 4 4:181259725 181259725 15 G A 0.433 0.2840792 0.08948133 1.585928 1.688101 0.001681097 0.001648366 0.002053079 scaffold_4
635 523 4 4:181906751 181906751 10 A G 0.191 0.3727084 0.1137386 1.876386 2.016165 0.00119301 0.00111888 0.001446298 scaffold_4
636 655 4 4:182754039 182754039 25 G A 0.502 0.3227553 0.09851206 1.302054 1.396819 0.001195384 0.001424309 0.001978903 scaffold_4
641 23 4 4:186043578 186043578 5 T C 0.367 0.3914828 0.09663042 1.746567 1.874704 6.735514e-05 6.172733e-05 0.0001028339 scaffold_4
642 208 4 4:186679317 186679317 16 C T 0.378 0.3168474 0.08944726 1.878935 2.021971 0.0004703362 0.0004376763 0.0006105134 scaffold_4
643 875 4 4:188377945 188377945 18 G A 0.358 0.3238028 0.1020099 1.338232 1.421091 0.001683903 0.00194307 0.002640926 scaffold_4
644 239 4 4:189471603 189471603 9 C G 0.141 0.5389852 0.1530537 1.503791 1.605047 0.0005068607 0.0005101546 0.0007075802 scaffold_4
645 173 4 4:189988444 189988444 7 A G 0.348 0.3514897 0.09484718 1.156895 1.229387 0.0002576074 0.0003668948 0.0006573276 scaffold_4
651 151 4 4:209762911 209762911 16 A C 0.28 0.3601908 0.09924031 1.674988 1.779435 0.0003421301 0.0003223216 0.0004536748 scaffold_4
652 630 4 4:212128562 212128562 9 A G 0.317 -0.3276964 0.1002799 1.39436 1.481137 0.001230325 0.00134518 0.001816295 scaffold_4
653 248 4 4:218406302 218406302 6 G A 0.402 0.3450953 0.09879243 1.720925 1.836463 0.0005612252 0.0005265281 0.0007088695 scaffold_4
654 951 4 4:223183593 223183593 22 A G 0.117 -0.4219198 0.136547 1.679487 1.790548 0.00222035 0.002124586 0.002570986 scaffold_4
678 475 4 4:238771160 238771160 6 A G 0.082 0.534971 0.1616827 1.730442 1.83949 0.001070031 0.001009141 0.001288578 scaffold_4
683 238 4 4:239887421 239887421 8 A G 0.162 0.4272904 0.122039 1.816073 1.945821 0.0005451397 0.0005074786 0.0006908107 scaffold_4
684 106 4 4:239972681 239972681 8 T A 0.036 0.8268176 0.223474 1.602136 1.702109 0.0002634727 0.0002523868 0.0003666249 scaffold_4
702 158 5 5:3431266 3431266 6 T G 0.255 -0.3548167 0.09770947 1.576021 1.674828 0.0003397884 0.0003295719 0.0004688723 scaffold_5
711 790 5 5:5379575 5379575 6 G A 0.269 -0.3035956 0.09577954 2.228427 2.410592 0.001709176 0.001744379 0.002485486 scaffold_5
716 142 5 5:6553510 6553510 16 A G 0.065 0.7136886 0.1962205 2.00039 2.134774 0.0003325572 0.0003139181 0.0004650977 scaffold_5
723 301 5 5:9382756 9382756 7 C G 0.262 -0.3471084 0.1007494 1.659975 1.770479 0.0006653617 0.0006322602 0.0008394308 scaffold_5
725 533 5 5:10184794 10184794 13 G A 0.379 0.3065789 0.09052999 1.182026 1.258382 0.0008179284 0.001135252 0.001840839 scaffold_5
726 198 5 5:10699431 10699431 20 C A 0.062 0.6378366 0.1787265 1.568202 1.663884 0.0004272457 0.0004166261 0.0005820139 scaffold_5
741 197 5 5:18371663 18371663 11 T C 0.068 0.6951377 0.1918587 1.298709 1.394644 0.0003501669 0.0004124733 0.0006394644 scaffold_5
742 349 5 5:19481265 19481265 25 T C 0.46 -0.3100394 0.09131311 1.734876 1.849302 0.000793027 0.0007449579 0.0009746658 scaffold_5
748 824 5 5:30855174 30855174 20 A T 0.147 0.3992934 0.1274147 1.744867 1.855525 0.001924045 0.001820929 0.002227304 scaffold_5
750 18 5 5:35670154 35670154 23 C T 0.172 0.4827132 0.1183059 1.927273 2.051943 5.995734e-05 5.510741e-05 9.546817e-05 scaffold_5
751 136 5 5:44557781 44557781 15 C G 0.28 0.372026 0.1020873 1.657348 1.771489 0.0003240461 0.0003060288 0.0004329523 scaffold_5
752 246 5 5:47149142 47149142 15 A G 0.047 0.8248433 0.2360077 1.696829 1.803667 0.0005575277 0.0005254208 0.0007075623 scaffold_5
753 479 5 5:52687889 52687889 8 G A 0.186 -0.4169749 0.1261325 1.830368 1.949159 0.001080797 0.001013226 0.001305331 scaffold_5
754 121 5 5:55975049 55975049 25 A C 0.102 0.5388018 0.1470383 2.010058 2.176078 0.0003007168 0.0002832171 0.0004267298 scaffold_5
755 582 5 5:61560608 61560608 7 A G 0.354 0.3134372 0.09423986 1.270138 1.35183 0.001008759 0.001244997 0.001836132 scaffold_5
759 311 5 5:75922589 75922589 14 A G 0.275 -0.3531135 0.1019092 1.420669 1.517979 0.0006204574 0.000659234 0.0009220437 scaffold_5
760 975 5 5:83596513 83596513 13 A G 0.058 0.612653 0.1966344 1.427562 1.54035 0.002041617 0.002178938 0.002769148 scaffold_5
761 705 5 5:88244718 88244718 23 C T 0.42 0.3111647 0.09753894 1.621102 1.742525 0.001597122 0.001544847 0.001917116 scaffold_5
762 299 5 5:93271280 93271280 13 G A 0.288 -0.354373 0.1029426 1.823851 1.938533 0.00067206 0.000627466 0.0008390515 scaffold_5
765 222 5 5:148495149 148495149 10 T C 0.253 0.3872451 0.1092852 1.473643 1.555252 0.000468378 0.0004797195 0.0006859415 scaffold_5
766 486 5 5:155998661 155998661 16 T A 0.198 0.4033444 0.1201644 1.335434 1.428668 0.0009074814 0.001040954 0.001469 scaffold_5
768 22 5 5:162723278 162723278 15 A G 0.246 -0.430224 0.1030146 1.109709 1.170833 4.051207e-05 6.125e-05 0.0001431568 scaffold_5
776 176 5 5:172784933 172784933 16 G C 0.02 1.075366 0.2989808 1.57616 1.667405 0.0003857854 0.0003749574 0.0005283003 scaffold_5
779 448 5 5:175803303 175803303 5 A G 0.131 0.483558 0.1453651 1.972382 2.123711 0.001006833 0.0009539504 0.00127613 scaffold_5
780 258 5 5:177902138 177902138 9 G A 0.409 -0.313559 0.08964413 1.570976 1.674197 0.0005519 0.000538639 0.0007334212 scaffold_5
781 14 5 5:179716544 179716544 20 T C 0.488 -0.3520817 0.08524763 1.550767 1.648461 4.896213e-05 4.709028e-05 8.23848e-05 scaffold_5
783 735 5 5:181452900 181452900 10 A C 0.217 -0.3429996 0.1082976 1.760639 1.889583 0.001723597 0.001623359 0.002005792 scaffold_5
784 539 5 5:183936349 183936349 7 A G 0.187 0.3864669 0.1177343 1.568994 1.680182 0.001170312 0.001150283 0.001471283 scaffold_5
786 224 5 5:185676898 185676898 5 G < 0.293 0.4161328 0.1161183 1.288129 1.374547 0.0004046624 0.0004833594 0.0007603536 scaffold_5
790 63 5 5:188966016 188966016 5 C T 0.205 0.4145817 0.1085881 1.762049 1.87186 0.0001684436 0.0001557007 0.0002351155 scaffold_5
791 407 5 5:189940844 189940844 24 A G 0.418 0.3406261 0.1014332 2.002428 2.131669 0.0009026873 0.0008605528 0.001172171 scaffold_5
795 218 5 5:195533844 195533844 9 G C 0.24 0.3893754 0.1099297 1.527144 1.633032 0.0004707455 0.000467423 0.0006493871 scaffold_5
798 56 5 5:198837020 198837020 11 G C 0.104 -0.5762328 0.1495501 1.496068 1.595094 0.0001471118 0.000146892 0.0002296997 scaffold_5
799 674 5 5:200421484 200421484 15 G A 0.311 0.3302374 0.1028077 1.545147 1.65298 0.001483935 0.001477432 0.001864502 scaffold_5
800 487 5 5:201508181 201508181 19 G A 0.386 0.3057474 0.09204473 1.495799 1.583617 0.001023515 0.001042514 0.001381682 scaffold_5
801 853 5 5:202351447 202351447 11 G A 0.28 0.3475543 0.1109521 1.6122 1.711579 0.001932514 0.0018823 0.002312813 scaffold_5
807 444 5 5:205374507 205374507 8 G C 0.075 0.6138128 0.1844816 1.747792 1.875504 0.00100433 0.0009428263 0.00121201 scaffold_5
808 145 5 5:205603126 205603126 20 G A 0.241 0.3773158 0.1038956 1.764426 1.890342 0.0003393667 0.0003151987 0.0004451863 scaffold_5
821 508 5 5:210151047 210151047 26 T G 0.264 -0.3742125 0.1131086 1.496412 1.586604 0.001071264 0.001091128 0.001437708 scaffold_5
824 274 5 5:210916527 210916527 8 < C 0.348 0.3764892 0.1078977 1.49878 1.588204 0.000568938 0.0005750049 0.000798327 scaffold_5
826 139 5 5:211584380 211584380 25 C G 0.303 0.35992 0.0981404 2.338761 2.533367 0.0002973443 0.0003116983 0.0005380782 scaffold_5
827 31 5 5:211760698 211760698 10 G A 0.291 0.396634 0.09972592 1.899115 2.054517 9.052356e-05 8.303701e-05 0.0001369481 scaffold_5
828 941 5 5:212025072 212025072 13 G T 0.347 -0.281206 0.0910757 1.804664 1.937721 0.002237099 0.002107169 0.002569073 scaffold_5
829 65 5 5:212151637 212151637 12 T C 0.363 0.3573443 0.09317545 1.488257 1.594112 0.0001576445 0.000158022 0.0002452759 scaffold_5
830 9 5 5:212649433 212649433 16 A G 0.153 -0.5536598 0.1283259 1.37667 1.450249 2.277678e-05 2.427949e-05 4.97703e-05 scaffold_5
831 300 5 5:212867742 212867742 3 A G 0.095 -0.5626793 0.1612432 1.367999 1.446433 0.0005682987 0.0006306782 0.0009210369 scaffold_5
832 162 5 5:213174759 213174759 17 G C 0.078 0.5585125 0.1543864 2.050408 2.261723 0.000357383 0.0003387436 0.0005102279 scaffold_5
834 679 5 5:213590968 213590968 12 T C 0.076 0.5447592 0.1704307 1.676218 1.841025 0.001564433 0.001482958 0.001839707 scaffold_5
838 456 5 5:214400686 214400686 25 T C 0.189 0.379576 0.1132308 1.438137 1.548074 0.0009213132 0.0009689792 0.001297702 scaffold_5
842 471 5 5:215400390 215400390 12 T C 0.076 0.5846121 0.1753796 1.486492 1.596902 0.0009831905 0.001003755 0.001321576 scaffold_5
843 644 5 5:215521346 215521346 22 G A 0.207 -0.3553406 0.1104452 1.651013 1.757111 0.001458505 0.001399641 0.00174804 scaffold_5
846 963 5 5:217468461 217468461 14 G A 0.328 0.317665 0.1026962 1.598057 1.710766 0.00219649 0.002148263 0.002615329 scaffold_5
848 30 6 6:2397331 2397331 16 A G 0.469 0.3636203 0.0907584 1.562265 1.665285 8.060281e-05 7.75212e-05 0.0001275981 scaffold_6
854 965 6 6:25372137 25372137 19 C T 0.467 -0.2742936 0.08902496 1.755584 1.891986 0.002284881 0.002158087 0.002613946 scaffold_6
857 442 6 6:51033396 51033396 20 G C 0.012 -1.382939 0.4146277 1.623087 1.738209 0.0009765512 0.0009396996 0.001211488 scaffold_6
859 595 6 6:74818942 74818942 13 C G 0.256 0.3297886 0.1018521 1.759309 1.890753 0.001361145 0.001279926 0.001608908 scaffold_6
860 381 6 6:83077485 83077485 5 A G 0.18 0.4687179 0.138079 1.491003 1.607992 0.0007951931 0.0008076177 0.001076793 scaffold_6
864 226 6 6:89063924 89063924 19 C T 0.417 -0.3335289 0.09460491 1.58088 1.67652 0.0004997077 0.0004857854 0.0006675869 scaffold_6
871 569 6 6:96103197 96103197 26 C A 0.4 0.3380894 0.1036043 1.595985 1.703916 0.001249406 0.001217569 0.001544655 scaffold_6
872 101 6 6:97391630 97391630 7 G A 0.165 0.5419743 0.1437873 1.28661 1.361358 0.0002028059 0.0002414082 0.0004043218 scaffold_6
873 923 6 6:98039011 98039011 12 C T 0.386 0.2948366 0.09453889 1.502358 1.605977 0.002021801 0.002062727 0.002573467 scaffold_6
877 287 6 6:102917548 102917548 18 G A 0.222 0.3764321 0.1090853 1.801035 1.920104 0.000652447 0.0006088441 0.0008141288 scaffold_6
880 13 6 6:107222670 107222670 15 G A 0.242 0.4906486 0.1130421 0.9813964 1.029578 2.041034e-05 4.049661e-05 0.0001244891 scaffold_6
890 261 6 6:114561183 114561183 9 C T 0.315 -0.3399052 0.09751317 1.996892 2.141182 0.0005762563 0.0005458646 0.0007700772 scaffold_6
894 606 6 6:122728417 122728417 22 A G 0.188 -0.3830811 0.1168551 1.389686 1.480688 0.001187459 0.001301664 0.001764266 scaffold_6
900 764 6 6:132486722 132486722 12 T C 0.062 -0.6105569 0.1919976 1.494293 1.594096 0.001651841 0.001690024 0.002146285 scaffold_6
902 581 6 6:136756794 136756794 17 C G 0.408 -0.3267174 0.1003987 1.625869 1.734924 0.001288384 0.001243609 0.001569584 scaffold_6
903 161 6 6:138688389 138688389 8 C A 0.433 -0.3309237 0.09055105 1.385162 1.465353 0.0003118575 0.0003386785 0.000520165 scaffold_6
905 53 6 6:144177005 144177005 24 A C 0.325 0.3952744 0.102528 1.640509 1.769143 0.0001458822 0.0001371926 0.0002098183 scaffold_6
906 112 6 6:144976900 144976900 10 T C 0.247 -0.3756726 0.1023014 1.742105 1.857118 0.0002920709 0.0002717711 0.0003884546 scaffold_6
907 346 6 6:146419523 146419523 1 C T 0.221 -0.366434 0.1075642 1.614698 1.71881 0.0007622455 0.0007346752 0.000968344 scaffold_6
908 249 6 6:147403006 147403006 6 C T 0.296 0.3782896 0.1039151 1.08959 1.155989 0.0003286556 0.0005299758 0.001011025 scaffold_6
909 558 6 6:148078342 148078342 16 A G 0.255 0.3277792 0.1005879 1.823743 1.954933 0.001269208 0.001189624 0.001514731 scaffold_6
910 934 6 6:148916444 148916444 26 T C 0.147 -0.3778583 0.1222607 1.730862 1.853659 0.002215522 0.002099519 0.002542679 scaffold_6
912 429 6 6:149778858 149778858 11 A T 0.346 0.3246758 0.09718122 1.640791 1.745614 0.0009580145 0.0009184789 0.001185529 scaffold_6
913 492 6 6:150499117 150499117 14 A T 0.403 -0.3029682 0.09162769 1.566776 1.665613 0.001078334 0.001061162 0.001371282 scaffold_6
916 961 6 6:152363680 152363680 11 T C 0.268 0.33097 0.1064232 1.488907 1.586459 0.002080332 0.002141208 0.002678891 scaffold_6
931 818 6 6:159347490 159347490 10 A G 0.349 0.2948132 0.09310734 1.46532 1.554923 0.001728248 0.001801132 0.002316913 scaffold_6
932 649 6 6:159790292 159790292 21 A G 0.144 0.4490802 0.1391985 1.527804 1.666351 0.001415904 0.001414224 0.001783329 scaffold_6
945 3 6 6:164069213 164069213 15 C T 0.138 0.6654857 0.143141 2.097873 2.272314 5.315116e-06 4.92365e-06 1.222524e-05 scaffold_6
954 220 6 6:166163065 166163065 11 C A 0.282 0.3841561 0.1090618 1.726951 1.874599 0.0005053525 0.0004720163 0.0006422344 scaffold_6
957 2 6 6:167236003 167236003 10 C T 0.323 0.4723168 0.09787025 1.31852 1.401634 2.382684e-06 2.615676e-06 7.366264e-06 scaffold_6
970 620 7 7:3001116 3001116 11 A G 0.328 -0.2989634 0.09262395 1.862967 2.001531 0.001408669 0.001322607 0.001682675 scaffold_7
990 736 7 7:7420111 7420111 5 C T 0.105 0.5450739 0.1715193 1.59451 1.715187 0.001663442 0.001624414 0.00201365 scaffold_7
1006 691 7 7:22272192 22272192 11 C A 0.028 -0.8929079 0.279251 1.613765 1.722899 0.001558485 0.001511967 0.001883968 scaffold_7
1009 398 7 7:36570743 36570743 5 A G 0.246 -0.3639411 0.1083987 1.764323 1.867243 0.0009048866 0.0008496421 0.001100926 scaffold_7
1014 324 7 7:110944936 110944936 23 C T 0.405 0.3047818 0.08906028 2.058951 2.234735 0.0007217601 0.0006925262 0.0009815314 scaffold_7
1018 863 7 7:118654125 118654125 13 C T 0.127 0.424067 0.1346214 1.459432 1.559733 0.001823871 0.001906242 0.002432315 scaffold_7
1025 408 7 7:129900157 129900157 20 C T 0.102 0.5061173 0.1508654 1.713917 1.814361 0.000913292 0.0008624451 0.001114736 scaffold_7
1026 41 7 7:130913548 130913548 8 T C 0.364 0.3587381 0.09135737 1.615112 1.727045 0.0001104499 0.0001044802 0.0001649848 scaffold_7
1029 126 7 7:133084848 133084848 10 T G 0.273 0.3727576 0.1021034 1.929143 2.095253 0.0003162416 0.0002941856 0.000430509 scaffold_7
1030 49 7 7:133662940 133662940 5 A C 0.18 0.4709661 0.1207755 1.432598 1.532415 0.0001228641 0.000127281 0.0002061613 scaffold_7
1032 81 7 7:137376290 137376290 10 T G 0.129 0.588576 0.1563606 1.603572 1.723845 0.0002067339 0.0001973911 0.0002921235 scaffold_7
1033 74 7 7:138947470 138947470 17 G A 0.482 0.3461328 0.09106155 1.50687 1.601171 0.0001796636 0.0001787686 0.000274164 scaffold_7
1035 129 7 7:141717072 141717072 14 G A 0.352 -0.3392284 0.09257644 1.53448 1.631764 0.0003007803 0.000296603 0.0004299645 scaffold_7
1036 701 7 7:142429640 142429640 19 C T 0.143 -0.4202284 0.1318272 1.97134 2.106918 0.001610129 0.001533045 0.001982267 scaffold_7
1037 425 7 7:143668406 143668406 7 A G 0.278 -0.334562 0.09945399 1.481711 1.589373 0.0008845397 0.0009048506 0.001204387 scaffold_7
1038 16 7 7:144525500 144525500 9 C T 0.266 0.4041737 0.09853348 1.574516 1.691252 5.491812e-05 5.230135e-05 8.947207e-05 scaffold_7
1039 260 7 7:145583846 145583846 7 A G 0.313 0.3388479 0.09716508 1.65569 1.772017 0.0005729628 0.0005442748 0.0007316015 scaffold_7
1041 202 7 7:148318780 148318780 23 T G 0.284 0.3606593 0.1010463 1.518137 1.624291 0.0004265301 0.0004248309 0.0005968378 scaffold_7
1042 1 7 7:148365437 148365437 22 T C 0.282 0.476073 0.09924747 1.993172 2.16081 2.723627e-06 2.448446e-06 6.513032e-06 scaffold_7
1044 488 7 7:150942758 150942758 15 A G 0.161 -0.4298452 0.1302679 1.953113 2.098124 0.001103759 0.001043789 0.001379596 scaffold_7
1046 127 7 7:152873766 152873766 17 T C 0.23 0.3965756 0.1074512 1.389086 1.483758 0.0002725746 0.0002942175 0.0004490217 scaffold_7
1055 39 7 7:159769760 159769760 7 < A 0.098 -0.645503 0.1629551 1.451028 1.547683 9.643944e-05 9.847157e-05 0.0001632563 scaffold_7
1056 194 7 7:160486876 160486876 9 G A 0.31 -0.3552413 0.09975152 1.714222 1.825638 0.0004390859 0.0004116483 0.0005661444 scaffold_7
1066 102 7 7:165199519 165199519 19 C A 0.074 0.7188717 0.1928184 1.451345 1.574545 0.0002368444 0.0002431996 0.0003629315 scaffold_7
1067 849 7 7:165775552 165775552 16 A G 0.133 0.4549627 0.1401988 1.176866 1.251953 0.001328472 0.001872356 0.002914498 scaffold_7
1078 51 7 7:170409782 170409782 14 A T 0.399 -0.3599633 0.09280258 1.513798 1.59717 0.0001331754 0.0001317946 0.0002093647 scaffold_7
1079 384 7 7:170853748 170853748 22 C G 0.065 0.6576009 0.1949319 1.691834 1.79445 0.000855816 0.0008107121 0.001053509 scaffold_7
1082 980 7 7:171775706 171775706 20 G T 0.409 0.2909711 0.0941513 1.580034 1.677839 0.002216467 0.002185172 0.002674565 scaffold_7
1084 886 7 7:172246161 172246161 21 T C 0.056 -0.5958477 0.1916474 1.75916 1.872109 0.002086172 0.001972744 0.002401626 scaffold_7
1086 512 7 7:172770915 172770915 8 C T 0.186 -0.3849135 0.1170018 1.648558 1.750571 0.001141662 0.001094617 0.001393178 scaffold_7
1103 995 8 8:1824830 1824830 26 G A 0.313 -0.3377407 0.1056456 1.177029 1.247527 0.001561544 0.002206358 0.003464005 scaffold_8
1116 454 8 8:6149123 6149123 16 G A 0.084 0.5701589 0.1712361 1.603182 1.70379 0.0009959532 0.0009667411 0.00124885 scaffold_8
1134 905 8 8:13806268 13806268 16 G A 0.145 0.4026005 0.1295305 1.639295 1.747213 0.002092503 0.00202068 0.002460738 scaffold_8
1149 109 8 8:26875443 26875443 6 T C 0.267 0.3893047 0.1047451 1.404364 1.502714 0.0002473508 0.000263528 0.0004014361 scaffold_8
1151 38 8 8:57995600 57995600 19 A G 0.105 0.6108592 0.1548491 1.796707 1.898104 0.0001028647 9.459841e-05 0.0001507197 scaffold_8
1153 490 8 8:79904722 79904722 18 C T 0.331 -0.3096748 0.09385152 1.660034 1.773791 0.001104042 0.001053718 0.001342632 scaffold_8
1154 481 8 8:84116434 84116434 23 T G 0.174 -0.3989669 0.1206743 1.731632 1.847053 0.001079692 0.001017398 0.001298546 scaffold_8
1161 426 8 8:115831432 115831432 18 T C 0.035 -0.8078925 0.2393012 1.414449 1.499648 0.0008482315 0.0009090183 0.001262265 scaffold_8
1162 613 8 8:118314463 118314463 18 C T 0.158 -0.4006362 0.1240016 1.730862 1.8534 0.001393675 0.00131566 0.001647174 scaffold_8
1164 921 8 8:122430604 122430604 11 G T 0.48 0.2840477 0.09144513 1.601369 1.703149 0.002105808 0.00205816 0.002517912 scaffold_8
1165 988 8 8:123302928 123302928 11 T C 0.386 -0.2981716 0.09676632 1.668406 1.763609 0.002282878 0.002193208 0.002652988 scaffold_8
1166 6 8 8:124537823 124537823 15 T G 0.154 -0.564736 0.1264032 1.689757 1.790673 1.182074e-05 1.077094e-05 2.220073e-05 scaffold_8
1167 659 8 8:130032743 130032743 18 A G 0.335 -0.3240668 0.1009116 1.637727 1.745722 0.001487874 0.001433264 0.001788388 scaffold_8
1169 787 8 8:137796449 137796449 12 C A 0.454 0.3032449 0.09630925 1.719915 1.823207 0.001832376 0.00173957 0.002133163 scaffold_8
1180 200 8 8:154567186 154567186 20 A G 0.363 0.3421146 0.09634478 1.813975 1.934238 0.0004558289 0.0004239092 0.0005856697 scaffold_8
1182 770 8 8:157503617 157503617 9 A G 0.294 0.3000271 0.09508455 1.703733 1.821972 0.001792269 0.001702247 0.002090596 scaffold_8
1186 932 8 8:159955286 159955286 11 G A 0.276 -0.3271908 0.1053083 1.556493 1.654965 0.002100528 0.002089979 0.00257589 scaffold_8
1200 846 8 8:166464099 166464099 16 A T 0.382 0.3025596 0.09650528 1.617056 1.714408 0.001915536 0.001861932 0.002290262 scaffold_8
1207 670 8 8:168610481 168610481 16 A G 0.178 0.427333 0.130334 1.272359 1.352937 0.001185467 0.001461642 0.002161737 scaffold_8
1264 42 9 9:11579567 11579567 12 C T 0.088 0.6250761 0.1580089 1.372825 1.448065 9.846912e-05 0.0001068501 0.0001852601 scaffold_9
1269 816 9 9:13918954 13918954 9 G A 0.137 -0.3915083 0.1243393 1.583784 1.690149 0.001832073 0.001798511 0.002224807 scaffold_9
1272 873 9 9:15582700 15582700 12 C T 0.213 0.3490368 0.110574 1.409111 1.507074 0.001785076 0.001933577 0.002512509 scaffold_9
1288 47 9 9:26306735 26306735 22 G A 0.211 0.4398462 0.1132965 1.882401 2.01447 0.0001314014 0.0001210311 0.0001907719 scaffold_9
1289 26 9 9:26594792 26594792 24 G C 0.205 0.4811022 0.1191632 1.658709 1.759083 7.124792e-05 6.644347e-05 0.000109886 scaffold_9
1291 5 9 9:51719324 51719324 14 A G 0.3 0.4647609 0.1033631 1.626021 1.731481 1.043589e-05 9.633597e-06 2.023591e-05 scaffold_9
1292 767 9 9:87002533 87002533 15 T C 0.104 -0.4664966 0.1476743 1.99176 2.121736 0.001771184 0.001695762 0.002185481 scaffold_9
1294 154 9 9:100026063 100026063 18 T C 0.329 -0.3572264 0.09772691 1.434335 1.529892 0.0003109353 0.0003249116 0.000481626 scaffold_9
1295 330 9 9:103089041 103089041 9 A G 0.319 0.3423729 0.1001277 1.609774 1.71152 0.0007289928 0.0007039093 0.0009316693 scaffold_9
1297 761 9 9:106204264 106204264 18 G C 0.103 -0.4915819 0.1518207 1.272145 1.34639 0.00136117 0.001683931 0.002450126 scaffold_9
1298 697 9 9:111089996 111089996 24 G A 0.184 0.4872732 0.1510979 1.419787 1.517444 0.001422111 0.001525673 0.001996873 scaffold_9
1299 972 9 9:113494933 113494933 19 T C 0.017 1.065759 0.3431957 1.48815 1.571224 0.002111386 0.002176551 0.002753498 scaffold_9
1300 819 9 9:114224339 114224339 11 C T 0.39 0.2963807 0.0942891 1.628623 1.724901 0.001864866 0.00180645 0.002223403 scaffold_9
1301 804 9 9:115580302 115580302 17 G T 0.414 0.3003172 0.0954824 1.686136 1.798819 0.00185298 0.001767424 0.002165595 scaffold_9
1307 337 9 9:128718474 128718474 22 T A 0.205 -0.3779466 0.1097532 1.417847 1.500432 0.00066928 0.0007138673 0.001012021 scaffold_9
1311 634 9 9:134550291 134550291 7 C T 0.406 0.3163887 0.09738295 1.48061 1.578823 0.001311602 0.001349667 0.001750368 scaffold_9
1312 789 9 9:136109833 136109833 11 G C 0.472 0.2856768 0.09081343 1.869365 2.003136 0.001849978 0.001743171 0.002174649 scaffold_9
1313 393 9 9:136926348 136926348 19 A G 0.064 -0.6165597 0.1835513 1.794704 1.919039 0.0008997924 0.0008421318 0.001096103 scaffold_9
1316 373 9 9:138489103 138489103 8 C G 0.208 0.3912495 0.1156802 1.643557 1.764882 0.0008303588 0.0007933604 0.001034096 scaffold_9
1318 535 9 9:139844987 139844987 13 T C 0.198 -0.3852105 0.115408 1.315656 1.391086 0.0009683685 0.001136333 0.001655731 scaffold_9
1333 844 9 9:146594561 146594561 7 G C 0.457 -0.296997 0.09433627 1.516172 1.618674 0.001834658 0.001857057 0.002325126 scaffold_9
1334 667 9 9:147131628 147131628 5 G A 0.252 -0.333161 0.1040136 1.984303 2.121084 0.001529927 0.001459314 0.001901109 scaffold_9
1337 282 9 9:148437478 148437478 19 T G 0.019 1.06177 0.3060974 2.122502 2.31055 0.0006122409 0.000594989 0.0008891672 scaffold_9
1371 150 10 10:1350023 1350023 5 G C 0.238 -0.3820618 0.1038067 1.334459 1.419849 0.0002831852 0.0003213061 0.000504994 scaffold_10
1393 68 10 10:6050599 6050599 14 G A 0.162 -0.4530264 0.1173946 1.326167 1.411855 0.0001437969 0.0001632397 0.000275523 scaffold_10
1398 542 10 10:8147439 8147439 17 A G 0.426 -0.3080118 0.09371995 1.526265 1.626739 0.001154563 0.001157708 0.001497681 scaffold_10
1399 564 10 10:8790111 8790111 17 T C 0.303 0.3010449 0.09248183 1.850317 1.984617 0.001284125 0.001203729 0.001539237 scaffold_10
1405 219 10 10:12640058 12640058 7 C T 0.378 0.3252683 0.09232831 1.764251 1.867485 0.0005042965 0.0004710407 0.0006410539 scaffold_10
1406 834 10 10:13496032 13496032 3 A G 0.138 0.4221665 0.13482 1.722095 1.82326 0.001939741 0.001843081 0.002250942 scaffold_10
1409 256 10 10:22100345 22100345 6 A G 0.049 0.7672892 0.2201132 1.787956 1.899761 0.0005759507 0.0005379755 0.0007252175 scaffold_10
1411 59 10 10:65429835 65429835 7 A C 0.224 -0.4164183 0.1070067 1.295366 1.372282 0.0001267545 0.0001485859 0.0002592705 scaffold_10
1412 912 10 10:70290582 70290582 17 C A 0.449 0.2945888 0.09405669 1.45057 1.542041 0.001935291 0.002038528 0.002608156 scaffold_10
1413 240 10 10:77309731 77309731 9 A G 0.371 0.353441 0.1001612 1.448482 1.540154 0.0004939297 0.0005139389 0.0007291247 scaffold_10
1414 531 10 10:82264493 82264493 3 C T 0.258 -0.5198003 0.154649 1.246803 1.323067 0.0008932569 0.001133756 0.001732797 scaffold_10
1416 206 10 10:88414962 88414962 20 C T 0.317 0.3561175 0.09991833 1.528112 1.616077 0.0004346075 0.0004318462 0.0006084534 scaffold_10
1419 128 10 10:111449362 111449362 14 T C 0.478 0.3276616 0.08950346 1.566892 1.672785 0.0003046267 0.0002960827 0.0004250447 scaffold_10
1420 662 10 10:114508311 114508311 14 G C 0.022 -1.02982 0.3188004 1.475732 1.575977 0.001396485 0.001441576 0.001862166 scaffold_10
1421 574 10 10:116136835 116136835 17 T A 0.305 0.3163663 0.09731784 1.724161 1.856163 0.001303021 0.001229148 0.001546788 scaffold_10
1422 78 10 10:119930818 119930818 7 G A 0.209 -0.4380218 0.1153226 1.417512 1.507564 0.0001816352 0.0001911508 0.0003012253 scaffold_10
1423 4 10 10:121526361 121526361 13 G A 0.183 -0.526152 0.1151046 1.825476 1.953753 7.520117e-06 6.729897e-06 1.490889e-05 scaffold_10
1425 147 10 10:126152217 126152217 18 G A 0.296 -0.3519928 0.09658849 1.544472 1.65056 0.0003239768 0.0003180132 0.0004554737 scaffold_10
1426 601 10 10:127884174 127884174 16 G T 0.341 0.3241654 0.1000773 1.667597 1.791731 0.001355501 0.001293134 0.001620941 scaffold_10
1431 333 10 10:132976997 132976997 13 T G 0.268 -0.3613331 0.1059614 1.715823 1.834757 0.0007532396 0.0007087266 0.000930709 scaffold_10
1432 612 10 10:133172784 133172784 8 T C 0.338 0.3337656 0.1029859 1.60119 1.69334 0.00134759 0.001312923 0.001662417 scaffold_10
1433 554 10 10:134064716 134064716 6 G A 0.231 -0.3737966 0.1132843 1.417761 1.505096 0.001104016 0.001183615 0.001600817 scaffold_10
1436 865 10 10:136084500 136084500 16 A G 0.182 0.3593924 0.1151784 1.720199 1.828394 0.002011049 0.001909319 0.002326175 scaffold_10
1444 891 10 10:140084393 140084393 15 G A 0.175 0.3775339 0.1209095 1.556917 1.64639 0.001997027 0.001986713 0.002467719 scaffold_10
1451 915 10 10:142498804 142498804 0 G A 0.107 0.6346857 0.1982974 1.218256 1.312929 0.001542114 0.00204462 0.002905051 scaffold_10
1456 212 10 10:144344215 144344215 20 G A 0.409 -0.3339787 0.09393386 1.521761 1.606693 0.0004484156 0.0004471404 0.0006307233 scaffold_10
1460 762 10 10:145549589 145549589 24 T G 0.11 0.4361242 0.1382027 1.813358 1.939899 0.001790413 0.001684088 0.002086605 scaffold_10
1461 455 10 10:145663052 145663052 17 G A 0.406 0.2973649 0.08949546 1.68357 1.803273 0.001020162 0.0009675952 0.001239582 scaffold_10
1464 686 10 10:146447052 146447052 17 < C 0.41 -0.349311 0.1090596 1.586613 1.700841 0.001530518 0.001498009 0.001872234 scaffold_10
1465 290 10 10:146691964 146691964 9 C G 0.383 0.3419789 0.09910515 1.681279 1.786397 0.0006527661 0.0006181355 0.000821501 scaffold_10
1471 187 10 10:147966856 147966856 22 G C 0.28 0.3912145 0.1092981 1.528408 1.640723 0.0004111518 0.0004073237 0.0005709702 scaffold_10
