27 997 1 1:11172743 11172743 21 T C 0.107 -0.4406127 0.1450361 55.06302 1e+05 0.002635432 0.001737202 0.002147288 scaffold_1
39 661 1 1:17678326 17678326 6 T C 0.396 0.292916 0.09110658 25.99417 1e+05 0.001476456 0.001089119 0.001395028 scaffold_1
40 809 1 1:18199505 18199505 12 C G 0.31 0.3266865 0.1035284 21.47119 1e+05 0.001799209 0.001355363 0.00170673 scaffold_1
46 705 1 1:24224773 24224773 6 C G 0.337 -0.3155978 0.09521122 17.86059 1e+05 0.001053942 0.001164201 0.001483377 scaffold_1
55 751 1 1:30472383 30472383 13 A C 0.349 0.2951111 0.09407901 47.45899 1e+05 0.001913161 0.0012525 0.001586814 scaffold_1
56 53 1 1:32058404 32058404 8 C A 0.255 -0.4244323 0.1039378 19.93745 1e+05 5.982033e-05 5.636732e-05 9.660324e-05 scaffold_1
61 912 1 1:37319753 37319753 10 A T 0.145 0.376101 0.121319 30.00056 1e+05 0.002156962 0.001582952 0.001970108 scaffold_1
62 382 1 1:38879170 38879170 17 G A 0.376 0.3185795 0.09373212 24.09543 1e+05 0.0007879016 0.000623434 0.0008363523 scaffold_1
65 551 1 1:43359077 43359077 13 T C 0.412 0.3100108 0.09526025 32.32589 1e+05 0.001294002 0.0009064384 0.001178324 scaffold_1
68 887 1 1:46549483 46549483 12 A G 0.22 0.3669726 0.1138885 19.15491 1e+05 0.001441707 0.001523314 0.001901331 scaffold_1
78 550 1 1:62239057 62239057 21 C T 0.052 -0.6454346 0.1978368 30.3244 1e+05 0.001259058 0.0009058689 0.001177644 scaffold_1
80 528 1 1:68887021 68887021 15 T C 0.511 -0.3254602 0.09817624 23.17983 1e+05 0.001052687 0.0008758462 0.001141762 scaffold_1
82 541 1 1:72241458 72241458 4 A G 0.395 0.3233084 0.09652559 20.12386 1e+05 0.0009352588 0.0008911807 0.0011601 scaffold_1
85 159 1 1:78224174 78224174 16 G A 0.46 0.3220261 0.08872114 59.59372 1e+05 0.0003444073 0.0002353381 0.0003455842 scaffold_1
87 167 1 1:82033370 82033370 4 G A 0.089 0.6141543 0.1619262 15.8854 1e+05 0.0001870159 0.0002491828 0.0003638563 scaffold_1
88 54 1 1:84428489 84428489 15 C T 0.066 0.6853938 0.1715653 66.2935 1e+05 8.525211e-05 5.69674e-05 9.751071e-05 scaffold_1
92 545 1 1:98045208 98045208 13 A G 0.489 0.3230613 0.09530688 17.97578 1e+05 0.0008134157 0.0008977034 0.001167893 scaffold_1
94 386 1 1:120372488 120372488 18 C G 0.401 -0.3479375 0.09961178 18.10095 1e+05 0.0005651762 0.0006262656 0.0008398218 scaffold_1
96 599 1 1:160875215 160875215 16 C A 0.221 -0.3874214 0.1151424 17.66877 1e+05 0.0008871833 0.0009759361 0.001261079 scaffold_1
97 797 1 1:162832496 162832496 19 A G 0.157 -0.3982395 0.1221819 18.4595 1e+05 0.001272156 0.001326171 0.001672758 scaffold_1
99 209 1 1:171788493 171788493 23 A G 0.377 -0.3357702 0.0947551 30.22464 1e+05 0.0004712885 0.000331606 0.0004710425 scaffold_1
101 582 1 1:178646859 178646859 13 C T 0.426 0.3160994 0.09796265 50.66604 1e+05 0.001420012 0.000953084 0.001233913 scaffold_1
102 162 1 1:181668698 181668698 6 T C 0.084 0.8287808 0.2219782 18.99825 1e+05 0.0002339613 0.0002410478 0.0003531306 scaffold_1
107 586 1 1:188008994 188008994 11 T C 0.452 0.3224048 0.09520499 17.18343 1e+05 0.0008227291 0.0009573072 0.001238936 scaffold_1
108 718 1 1:188962751 188962751 4 A T 0.16 -0.3849777 0.1202843 26.66925 1e+05 0.0015498 0.001188648 0.001512064 scaffold_1
111 800 1 1:191927722 191927722 13 T A 0.496 -0.3074389 0.09550728 21.00257 1e+05 0.001457232 0.001330253 0.001677512 scaffold_1
112 376 1 1:193281368 193281368 15 A G 0.182 0.4496428 0.1290958 19.09177 1e+05 0.0005855153 0.0006063058 0.0008153416 scaffold_1
113 360 1 1:195076059 195076059 13 A G 0.424 0.3288213 0.09423487 19.45177 1e+05 0.0005723874 0.0005767775 0.0007790177 scaffold_1
114 257 1 1:195786290 195786290 8 T C 0.356 -0.3815542 0.1052067 17.56607 1e+05 0.0003481426 0.000397114 0.0005546674 scaffold_1
116 93 1 1:198287278 198287278 24 T C 0.273 0.4151214 0.1083492 164.5243 1e+05 0.0001614081 0.0001260699 0.0001974238 scaffold_1
119 660 1 1:200445247 200445247 12 C T 0.174 0.3604078 0.1130027 27.18316 1e+05 0.001608598 0.001088367 0.001394142 scaffold_1
120 301 1 1:201607629 201607629 11 A C 0.315 0.3677674 0.1013414 13.75605 1e+05 0.0003452286 0.0004779852 0.0006564393 scaffold_1
127 224 1 1:210268953 210268953 13 T C 0.046 -0.755579 0.2097701 21.03327 1e+05 0.0003812339 0.0003533108 0.000498884 scaffold_1
129 667 1 1:212532748 212532748 18 A G 0.253 -0.3459302 0.1074596 26.7488 1e+05 0.001456474 0.001099119 0.001406817 scaffold_1
130 838 1 1:214030047 214030047 8 C A 0.039 -0.6957325 0.2200079 25.53984 1e+05 0.001759422 0.001409212 0.001769278 scaffold_1
133 302 1 1:218852882 218852882 15 T C 0.225 0.3895457 0.1103152 20.01225 1e+05 0.0004927394 0.0004797229 0.0006586107 scaffold_1
135 569 1 1:222187157 222187157 13 G A 0.46 -0.3199017 0.09615669 21.78617 1e+05 0.001010873 0.0009339057 0.00121108 scaffold_1
136 897 1 1:223463620 223463620 5 C T 0.264 -0.3146342 0.0999997 23.42568 1e+05 0.001854354 0.001559848 0.001943482 scaffold_1
139 506 1 1:227312630 227312630 17 G A 0.017 1.228533 0.3584624 16.93838 1e+05 0.0007132733 0.000842591 0.001101919 scaffold_1
140 622 1 1:228192557 228192557 20 A G 0.184 0.3361626 0.1036915 131.8163 1e+05 0.001349265 0.00101482 0.001307207 scaffold_1
141 686 1 1:229978575 229978575 20 G T 0.251 -0.3716274 0.1059674 13.35206 1e+05 0.0005374751 0.001121368 0.001433022 scaffold_1
142 735 1 1:230988340 230988340 18 G T 0.082 -0.5291174 0.1586605 16.95106 1e+05 0.0009833711 0.001223339 0.001552707 scaffold_1
146 18 1 1:240340911 240340911 4 A G 0.16 -0.5874106 0.1319668 39.71163 1e+05 1.289236e-05 8.250347e-06 1.811905e-05 scaffold_1
149 143 1 1:245929512 245929512 8 C T 0.016 -1.193606 0.3191292 20.72843 1e+05 0.0002282354 0.0002199121 0.000325117 scaffold_1
150 602 1 1:247923596 247923596 14 A G 0.262 -0.3609617 0.1102168 24.68399 1e+05 0.001206636 0.0009831622 0.001269661 scaffold_1
151 607 1 1:249962007 249962007 12 T G 0.153 -0.4280798 0.1276192 19.23856 1e+05 0.000919572 0.000991668 0.001279756 scaffold_1
155 215 1 1:254126535 254126535 9 T G 0.366 0.4690848 0.1319154 24.16238 1e+05 0.0004506435 0.0003464566 0.000490107 scaffold_1
157 220 1 1:257041683 257041683 24 C T 0.396 -0.3411878 0.094783 22.04891 1e+05 0.0003844029 0.0003509206 0.0004958249 scaffold_1
161 540 1 1:260820231 260820231 16 G A 0.209 0.3529488 0.1068762 25.85772 1e+05 0.001099233 0.0008908481 0.001159702 scaffold_1
163 546 1 1:263066771 263066771 4 G C 0.128 0.4594565 0.1350731 17.49502 1e+05 0.0007804778 0.0009011056 0.001171957 scaffold_1
165 711 1 1:266113474 266113474 14 G A 0.325 -0.3588827 0.1010298 12.13951 1e+05 0.0004567245 0.001171812 0.001492312 scaffold_1
167 682 1 1:269178225 269178225 25 G A 0.058 -0.6585253 0.2007001 21.34381 1e+05 0.001181804 0.001116172 0.001426906 scaffold_1
169 743 1 1:272412868 272412868 22 C G 0.052 0.6610201 0.2043676 21.74294 1e+05 0.001383636 0.001241213 0.001573619 scaffold_1
172 933 1 1:275157038 275157038 19 G A 0.194 -0.37994 0.1183676 18.62407 1e+05 0.001502639 0.0016232 0.002016434 scaffold_1
173 355 1 1:276374901 276374901 9 T C 0.382 0.3267527 0.09361071 19.72527 1e+05 0.0005700082 0.0005686623 0.0007690112 scaffold_1
182 97 1 1:282986728 282986728 24 T C 0.355 -0.3582433 0.09389379 23.34918 1e+05 0.0001715599 0.0001384736 0.0002146937 scaffold_1
187 596 1 1:287667465 287667465 11 C G 0.148 0.445182 0.1345832 21.48569 1e+05 0.001078961 0.0009722729 0.001256727 scaffold_1
203 197 1 1:295967912 295967912 10 A G 0.098 0.5625214 0.150464 15.39185 1e+05 0.0002296313 0.0003129736 0.0004470251 scaffold_1
209 245 1 1:300461275 300461275 13 A G 0.126 0.5601199 0.1513552 15.00446 1e+05 0.0002646742 0.0003801025 0.000533064 scaffold_1
225 329 2 2:3800723 3800723 16 A G 0.023 1.121524 0.3179391 18.80141 1e+05 0.0004993881 0.000516918 0.0007049523 scaffold_2
230 954 2 2:5074195 5074195 8 T C 0.169 0.3939657 0.1234112 19.42106 1e+05 0.001593012 0.001655414 0.002053464 scaffold_2
231 916 2 2:5386612 5386612 18 A T 0.219 -0.3383214 0.1060805 20.10808 1e+05 0.001609049 0.001592761 0.001981405 scaffold_2
237 89 2 2:7358139 7358139 10 A T 0.116 -0.5298446 0.1371236 22.46644 1e+05 0.0001423349 0.0001211912 0.0001905888 scaffold_2
240 368 2 2:8582371 8582371 17 C T 0.094 -0.5228787 0.15217 22.91987 1e+05 0.0006912344 0.0005894702 0.0007946478 scaffold_2
245 165 2 2:10496305 10496305 16 T C 0.03 -0.8851699 0.2392181 1e+05 1e+05 0.0002651038 0.000246866 0.0003608047 scaffold_2
249 922 2 2:11946904 11946904 5 A G 0.474 0.4167171 0.1312954 1e+05 1e+05 0.001693338 0.001604598 0.001995032 scaffold_2
269 446 2 2:22418899 22418899 23 C T 0.11 -0.4704362 0.139076 392.8171 1e+05 0.000833809 0.0007216211 0.0009560303 scaffold_2
277 937 2 2:30889437 30889437 8 T C 0.451 0.2989291 0.09244492 17.09732 1e+05 0.001387709 0.001627334 0.002021189 scaffold_2
282 640 2 2:38960523 38960523 17 G A 0.177 0.4098299 0.1255825 24.58707 1e+05 0.00125493 0.001047894 0.00134635 scaffold_2
283 268 2 2:40691581 40691581 18 G A 0.279 0.4302103 0.1152662 13.17454 1e+05 0.0002351022 0.0004287887 0.0005947025 scaffold_2
288 807 2 2:55593132 55593132 9 A G 0.105 0.4888311 0.1452763 14.85899 1e+05 0.0008868075 0.001346587 0.001696522 scaffold_2
290 3 2 2:72175527 72175527 10 G A 0.05 0.9156574 0.1885855 26.08774 1e+05 2.123633e-06 1.437253e-06 4.112279e-06 scaffold_2
291 227 2 2:103673311 103673311 13 C T 0.277 -0.3945977 0.1105741 20.71522 1e+05 0.0004304106 0.0003567048 0.0005032251 scaffold_2
292 608 2 2:129210904 129210904 19 G T 0.177 0.4456824 0.136426 25.18955 1e+05 0.001240518 0.000991927 0.001280064 scaffold_2
293 353 2 2:136012285 136012285 8 T G 0.14 0.5051113 0.1474574 25.57297 1e+05 0.000717689 0.0005654958 0.0007651039 scaffold_2
294 871 2 2:143459611 143459611 12 T C 0.316 -0.3069916 0.09895654 32.46851 1e+05 0.00214168 0.001482236 0.001853862 scaffold_2
295 219 2 2:151264259 151264259 8 C T 0.368 -0.3314179 0.09350904 27.30985 1e+05 0.0004701387 0.0003481874 0.0004923247 scaffold_2
296 253 2 2:152329813 152329813 15 A G 0.297 0.3802684 0.09893642 11.65306 1e+05 0.0001539975 0.0003895524 0.0005450739 scaffold_2
297 14 2 2:164822951 164822951 25 A G 0.261 -0.470831 0.1041444 31.52037 1e+05 9.526011e-06 6.612986e-06 1.498727e-05 scaffold_2
299 328 2 2:171410036 171410036 24 A G 0.233 0.3970487 0.1134462 20.9555 1e+05 0.0005513233 0.0005162115 0.0007040745 scaffold_2
300 956 2 2:174981362 174981362 17 C T 0.038 0.7573053 0.2334684 16.50141 1e+05 0.001341257 0.001664432 0.002063823 scaffold_2
303 41 2 2:180841906 180841906 19 T C 0.034 -1.030262 0.2456123 20.07243 1e+05 3.802549e-05 3.756904e-05 6.758943e-05 scaffold_2
309 430 2 2:187034786 187034786 22 C T 0.421 -0.3018341 0.09057399 34.72622 1e+05 0.000991675 0.0006889179 0.0009163066 scaffold_2
311 173 2 2:188334612 188334612 16 G A 0.391 -0.3463344 0.09139763 16.06609 1e+05 0.0001895156 0.0002629209 0.0003819034 scaffold_2
312 34 2 2:189180445 189180445 5 G C 0.478 -0.3890642 0.0894713 15.90336 1e+05 1.999944e-05 2.731125e-05 5.11196e-05 scaffold_2
316 374 2 2:192464087 192464087 22 G C 0.231 0.3752461 0.110352 27.0025 1e+05 0.000783468 0.0006034698 0.0008118587 scaffold_2
320 814 2 2:196872060 196872060 15 A G 0.483 -0.2769491 0.0869173 23.31674 1e+05 0.001624816 0.001360437 0.001712631 scaffold_2
321 616 2 2:198674077 198674077 12 C T 0.201 -0.3509126 0.1086105 31.13529 1e+05 0.001400179 0.001005723 0.001296426 scaffold_2
327 968 2 2:206567960 206567960 7 C T 0.094 0.5286979 0.161386 15.56503 1e+05 0.001202679 0.001693422 0.002097099 scaffold_2
328 745 2 2:207634678 207634678 19 A C 0.147 -0.417008 0.1314331 28.21155 1e+05 0.001699582 0.001247381 0.00158083 scaffold_2
329 591 2 2:208885602 208885602 21 A G 0.47 0.287535 0.08821956 122.7292 1e+05 0.00127253 0.0009643212 0.001247277 scaffold_2
334 490 2 2:211959105 211959105 13 C T 0.387 -0.3402629 0.1033385 27.67868 1e+05 0.001136228 0.0008125918 0.001065884 scaffold_2
336 69 2 2:213476568 213476568 15 C G 0.494 -0.3578129 0.09193703 30.62406 1e+05 0.0001277321 8.86134e-05 0.0001442147 scaffold_2
339 124 2 2:215365777 215365777 23 C T 0.296 -0.369063 0.09991976 68.96337 1e+05 0.0002717834 0.0001857239 0.0002792986 scaffold_2
340 613 2 2:216322873 216322873 10 G A 0.332 -0.3243764 0.1001299 26.1963 1e+05 0.001360174 0.001002517 0.001292626 scaffold_2
342 207 2 2:217513048 217513048 23 G A 0.2 0.380348 0.1054228 19.59085 1e+05 0.0003730997 0.0003300819 0.0004690821 scaffold_2
347 410 2 2:221563572 221563572 23 A T 0.25 0.3385477 0.1011038 30.35134 1e+05 0.0009382972 0.0006675046 0.000890224 scaffold_2
349 216 2 2:223009563 223009563 22 G C 0.114 -0.5654068 0.1582447 23.81441 1e+05 0.0004236457 0.0003469439 0.0004907315 scaffold_2
350 421 2 2:224181379 224181379 18 A G 0.163 0.4012057 0.1179892 22.18872 1e+05 0.0007837059 0.0006812585 0.0009069838 scaffold_2
352 37 2 2:226348440 226348440 5 A G 0.134 0.5439299 0.1318978 43.85183 1e+05 5.080258e-05 3.258889e-05 5.966502e-05 scaffold_2
353 29 2 2:227651837 227651837 3 A G 0.371 -0.4388358 0.1041503 27.61119 1e+05 3.518466e-05 2.374807e-05 4.524662e-05 scaffold_2
354 33 2 2:228174927 228174927 13 A G 0.389 -0.4161564 0.09873782 21.26364 1e+05 3.499972e-05 2.692636e-05 5.048957e-05 scaffold_2
356 478 2 2:229530706 229530706 8 A G 0.387 0.3404681 0.1003154 19.62784 1e+05 0.0008013622 0.0007984707 0.001048891 scaffold_2
357 432 2 2:230256875 230256875 24 T C 0.079 0.6281866 0.1766768 14.85164 1e+05 0.0004512675 0.0006979777 0.0009273244 scaffold_2
361 679 2 2:232041169 232041169 4 T G 0.014 -1.522241 0.4654579 21.97062 1e+05 0.0012256 0.001112136 0.001422154 scaffold_2
364 448 2 2:233389241 233389241 22 C T 0.074 0.5239122 0.1582854 63.34914 1e+05 0.001071366 0.0007238646 0.0009587507 scaffold_2
369 110 2 2:235386596 235386596 15 G T 0.479 0.3195865 0.08561441 81.16037 1e+05 0.0002346256 0.0001643678 0.0002503073 scaffold_2
383 684 3 3:2103169 2103169 12 G A 0.015 -1.119562 0.3417424 21.63139 1e+05 0.001202441 0.001117624 0.001428615 scaffold_3
405 964 3 3:7367239 7367239 18 T C 0.088 0.5062231 0.1568645 17.27783 1e+05 0.0014181 0.001688579 0.002091542 scaffold_3
414 144 3 3:10881061 10881061 19 A G 0.278 0.3986358 0.104508 15.93676 1e+05 0.0001722192 0.000220391 0.0003257542 scaffold_3
424 148 3 3:17833128 17833128 8 C G 0.202 -0.4260027 0.1132697 17.82161 1e+05 0.0002110358 0.0002241435 0.000330743 scaffold_3
433 226 3 3:31481182 31481182 11 A G 0.042 0.7741804 0.2074833 14.86552 1e+05 0.0002360126 0.0003563097 0.0005027199 scaffold_3
434 433 3 3:40445335 40445335 15 C T 0.441 -0.3273595 0.09860892 37.2011 1e+05 0.001035814 0.0006982586 0.0009276658 scaffold_3
435 356 3 3:44673709 44673709 25 G A 0.015 -0.8544356 0.2459957 1e+05 1e+05 0.000605939 0.000568677 0.0007690293 scaffold_3
436 86 3 3:61241762 61241762 2 T C 0.133 0.5646231 0.1434181 17.56068 1e+05 0.0001071738 0.0001152709 0.0001822597 scaffold_3
437 25 3 3:101974298 101974298 24 T G 0.209 -0.6053536 0.1411051 60.82755 1e+05 2.557817e-05 1.716379e-05 3.411048e-05 scaffold_3
438 507 3 3:124941430 124941430 17 T G 0.432 -0.366177 0.1006624 11.53667 1e+05 0.0003343756 0.0008426696 0.001102013 scaffold_3
439 324 3 3:125501707 125501707 18 G A 0.264 0.3922533 0.1122684 20.7711 1e+05 0.0005632568 0.0005059094 0.0006912637 scaffold_3
440 105 3 3:132478764 132478764 15 A G 0.316 0.3947341 0.102528 19.21036 1e+05 0.0001502215 0.0001550032 0.0002374907 scaffold_3
441 742 3 3:137550031 137550031 18 A C 0.146 0.4217241 0.1275391 17.23614 1e+05 0.001083511 0.001237269 0.001569006 scaffold_3
442 179 3 3:140822878 140822878 7 A G 0.232 0.4016167 0.1078751 16.74206 1e+05 0.0002434957 0.0002719615 0.0003937365 scaffold_3
444 147 3 3:149693549 149693549 14 T C 0.15 0.4177532 0.113093 23.88511 1e+05 0.0002714837 0.0002238309 0.0003303277 scaffold_3
445 378 3 3:151083391 151083391 18 T C 0.249 -0.3594676 0.106378 28.92836 1e+05 0.0008438212 0.0006134527 0.0008241138 scaffold_3
446 406 3 3:153965441 153965441 7 A G 0.307 -0.3584913 0.1035797 18.5675 1e+05 0.0006330932 0.0006602543 0.0008813794 scaffold_3
447 297 3 3:156831539 156831539 9 G A 0.238 -0.3699493 0.1063927 23.35014 1e+05 0.0005977463 0.0004748591 0.0006525313 scaffold_3
449 23 3 3:158922764 158922764 19 T C 0.259 0.4788216 0.1056698 14.29737 1e+05 9.104672e-06 1.484191e-05 3.007089e-05 scaffold_3
450 476 3 3:159591613 159591613 18 A C 0.275 -0.4007461 0.1133882 14.10594 1e+05 0.0004873116 0.0007891818 0.001037701 scaffold_3
452 309 3 3:161685190 161685190 12 A C 0.086 -0.6847644 0.1942336 20.10147 1e+05 0.0005030174 0.0004893382 0.0006706156 scaffold_3
454 611 3 3:166139757 166139757 14 A C 0.435 0.3223 0.09609032 18.72393 1e+05 0.000920266 0.0009963627 0.001285326 scaffold_3
460 469 3 3:171490111 171490111 17 A G 0.325 -0.3466173 0.1031521 23.64796 1e+05 0.0009009978 0.0007662905 0.001010086 scaffold_3
464 49 3 3:176858599 176858599 20 G A 0.323 -0.3837133 0.09427367 28.23589 1e+05 6.311676e-05 4.527251e-05 7.963044e-05 scaffold_3
467 296 3 3:178657144 178657144 18 A G 0.015 -1.225254 0.3496249 23.09553 1e+05 0.0005423341 0.0004742304 0.0006517451 scaffold_3
471 692 3 3:182536847 182536847 9 G C 0.19 0.3929791 0.121376 23.548 1e+05 0.001368684 0.001140378 0.001455387 scaffold_3
472 66 3 3:183704325 183704325 13 C G 0.017 1.333255 0.3255967 15.19934 1e+05 5.715616e-05 8.341985e-05 0.0001366824 scaffold_3
475 754 3 3:187102359 187102359 16 A G 0.264 0.3719646 0.1132128 17.93803 1e+05 0.001164288 0.001254088 0.00158867 scaffold_3
482 415 3 3:196761826 196761826 10 A G 0.015 1.425126 0.4088334 17.70484 1e+05 0.0005796685 0.0006735218 0.0008975592 scaffold_3
483 152 3 3:199095338 199095338 5 A G 0.429 -0.4182859 0.1113285 17.66961 1e+05 0.0002140392 0.0002263538 0.0003336782 scaffold_3
484 594 3 3:199627591 199627591 9 A G 0.052 -0.7623582 0.2287733 20.52511 1e+05 0.0009919627 0.0009671749 0.001250669 scaffold_3
485 811 3 3:201388485 201388485 12 C T 0.186 0.415227 0.133235 51.841 1e+05 0.002044799 0.001356763 0.001708359 scaffold_3
486 190 3 3:201401299 201401299 3 G A 0.2 0.4533682 0.1260885 24.43895 1e+05 0.000390116 0.0003003129 0.0004306395 scaffold_3
487 103 3 3:203758576 203758576 22 G T 0.218 0.4006073 0.1045647 1e+05 1e+05 0.0001614955 0.0001496799 0.0002301744 scaffold_3
493 680 3 3:207316394 207316394 14 G A 0.243 -0.3420678 0.1072511 34.72098 1e+05 0.001608392 0.001113922 0.001424257 scaffold_3
497 52 3 3:209935841 209935841 7 T G 0.26 -0.420095 0.1027976 20.86379 1e+05 5.907673e-05 5.577815e-05 9.57113e-05 scaffold_3
498 521 3 3:211067111 211067111 19 T C 0.403 0.3135339 0.09178773 17.99173 1e+05 0.0007423233 0.0008701408 0.001134934 scaffold_3
500 737 3 3:212101154 212101154 12 A G 0.462 -0.2889345 0.09172431 39.72393 1e+05 0.001832045 0.00123194 0.001562772 scaffold_3
504 693 3 3:214940945 214940945 17 T C 0.122 0.4362082 0.1350591 197.6677 1e+05 0.001405677 0.001141336 0.001456513 scaffold_3
506 694 3 3:215839859 215839859 7 A G 0.158 -0.4215146 0.1292001 22.29598 1e+05 0.001258915 0.001143382 0.001458918 scaffold_3
507 669 3 3:216352289 216352289 16 A G 0.096 0.5087112 0.1511351 16.68945 1e+05 0.0008834358 0.001099305 0.001407036 scaffold_3
510 128 3 3:217647334 217647334 8 A G 0.261 0.3782761 0.1005668 21.79331 1e+05 0.0002106519 0.0001902781 0.0002854419 scaffold_3
516 810 3 3:221651323 221651323 22 G A 0.031 0.9337166 0.2792734 15.16625 1e+05 0.0009550835 0.001355532 0.001706927 scaffold_3
521 950 3 3:223830521 223830521 25 A G 0.206 0.3513467 0.1117047 22.60432 1e+05 0.001860667 0.001648359 0.002045358 scaffold_3
532 934 3 3:229827510 229827510 15 A G 0.102 -0.4524449 0.1431302 20.5723 1e+05 0.001766609 0.001624193 0.002017576 scaffold_3
534 771 3 3:230705159 230705159 23 A G 0.417 0.2860822 0.08837997 20.05813 1e+05 0.001372102 0.001282881 0.001622294 scaffold_3
540 631 4 4:1081883 1081883 11 A G 0.379 -0.3489423 0.1035779 17.73213 1e+05 0.0008744457 0.001034671 0.001330711 scaffold_4
566 412 4 4:8904916 8904916 4 C T 0.423 0.5002132 0.1453305 19.06683 1e+05 0.0006773536 0.0006688293 0.0008918392 scaffold_4
580 919 4 4:15969925 15969925 15 A G 0.483 -0.2742232 0.08955331 47.97367 1e+05 0.002438802 0.001596479 0.001985686 scaffold_4
582 9 4 4:17560124 17560124 18 A C 0.049 1.002305 0.211657 15.06636 1e+05 3.671125e-06 4.699043e-06 1.119284e-05 scaffold_4
589 708 4 4:26424918 26424918 25 C T 0.46 -0.286032 0.08985263 27.67743 1e+05 0.001641109 0.001165946 0.001485427 scaffold_4
590 985 4 4:28150919 28150919 14 A T 0.257 0.317664 0.1012971 22.31531 1e+05 0.001918681 0.00171908 0.002126523 scaffold_4
595 856 4 4:37969292 37969292 11 C G 0.048 0.555696 0.178384 86.1808 1e+05 0.002053704 0.001443098 0.001808561 scaffold_4
596 564 4 4:48302689 48302689 16 T C 0.374 0.3350911 0.1036789 42.30578 1e+05 0.001395104 0.0009268189 0.001202635 scaffold_4
597 31 4 4:60042609 60042609 10 G A 0.154 -0.5712164 0.1366821 36.11183 1e+05 4.05304e-05 2.654957e-05 4.987182e-05 scaffold_4
598 244 4 4:79474152 79474152 21 T C 0.037 0.8209901 0.2242037 16.40409 1e+05 0.0003058616 0.0003787097 0.0005312919 scaffold_4
599 45 4 4:86774086 86774086 23 T < 0.252 -0.4822983 0.1178701 109.2151 1e+05 5.785947e-05 4.214668e-05 7.477325e-05 scaffold_4
600 456 4 4:138187352 138187352 23 A C 0.406 -0.3469302 0.1036335 21.67394 1e+05 0.0009410644 0.0007382814 0.0009762179 scaffold_4
602 71 4 4:145753090 145753090 13 T A 0.202 -0.4957705 0.127657 28.82401 1e+05 0.0001319247 9.053101e-05 0.0001469849 scaffold_4
610 886 4 4:158370907 158370907 8 G A 0.463 0.2931436 0.09217117 20.8983 1e+05 0.001657074 0.001522692 0.001900612 scaffold_4
617 477 4 4:167113919 167113919 10 T C 0.104 0.5154275 0.1474302 15.66609 1e+05 0.0005588695 0.0007907692 0.001039614 scaffold_4
629 371 4 4:177470075 177470075 6 T C 0.261 -0.3368447 0.09998636 36.44992 1e+05 0.0008743839 0.0005940065 0.0008002278 scaffold_4
632 501 4 4:179691655 179691655 4 A G 0.364 0.3096804 0.08993664 16.28712 1e+05 0.0006739815 0.0008298705 0.00108665 scaffold_4
637 373 4 4:183329757 183329757 5 T G 0.366 0.3289673 0.09553144 22.79375 1e+05 0.000673427 0.0006012317 0.0008091092 scaffold_4
645 156 4 4:190087311 190087311 6 G A 0.347 -0.3572088 0.09411188 15.77346 1e+05 0.0001850522 0.0002300131 0.0003385323 scaffold_4
646 904 4 4:192501986 192501986 22 C T 0.017 1.054454 0.3244891 17.29777 1e+05 0.001315019 0.001571984 0.001957471 scaffold_4
648 577 4 4:197892176 197892176 8 C T 0.191 -0.389977 0.1168883 20.61607 1e+05 0.0009785813 0.000947482 0.001227247 scaffold_4
650 75 4 4:205028880 205028880 23 C A 0.364 0.3908725 0.09996965 181.9406 1e+05 0.0001191007 9.421699e-05 0.0001522937 scaffold_4
652 568 4 4:213954516 213954516 24 T C 0.33 -0.3800822 0.1168377 29.59049 1e+05 0.001299601 0.0009336811 0.001210813 scaffold_4
654 746 4 4:224475596 224475596 18 T C 0.18 0.3957349 0.1234868 21.39129 1e+05 0.001528716 0.001247651 0.001581146 scaffold_4
660 171 4 4:232264976 232264976 9 G A 0.122 -0.5451088 0.1512687 68.69162 1e+05 0.0003789515 0.0002603103 0.0003784803 scaffold_4
661 605 4 4:233759602 233759602 6 G A 0.102 -0.4873603 0.1506069 88.05868 1e+05 0.001376642 0.0009903449 0.001278186 scaffold_4
662 60 4 4:234301676 234301676 12 G A 0.029 1.066811 0.2599169 15.48049 1e+05 5.497246e-05 7.600008e-05 0.0001258404 scaffold_4
676 473 4 4:238220486 238220486 16 C T 0.17 -0.4099429 0.1190812 17.13699 1e+05 0.0006758108 0.0007836455 0.001031027 scaffold_4
682 350 4 4:239496973 239496973 13 A C 0.153 -0.4345653 0.1248756 1e+05 1e+05 0.0005918622 0.0005553428 0.0007525647 scaffold_4
695 365 5 5:1852250 1852250 6 C G 0.335 0.334296 0.09526978 18.18668 1e+05 0.0005337463 0.0005827887 0.0007864231 scaffold_5
704 861 5 5:3982281 3982281 9 G T 0.448 0.299194 0.09290013 19.75645 1e+05 0.001449504 0.001454989 0.001822333 scaffold_5
708 418 5 5:4671066 4671066 2 G A 0.333 0.3318098 0.09605474 18.06557 1e+05 0.0006481414 0.0006800629 0.0009055278 scaffold_5
710 761 5 5:5206995 5206995 12 A C 0.098 0.5121803 0.159535 22.52281 1e+05 0.001499504 0.001272056 0.001609659 scaffold_5
724 617 5 5:9827999 9827999 1 A G 0.42 0.2990046 0.08781741 16.07574 1e+05 0.000771515 0.001005799 0.001296516 scaffold_5
725 689 5 5:10448688 10448688 10 C T 0.32 -0.3199671 0.09657949 18.65621 1e+05 0.001060167 0.001133643 0.001447466 scaffold_5
727 187 5 5:10980368 10980368 19 T G 0.5 -0.3527339 0.09506916 17.26601 1e+05 0.000255354 0.0002903339 0.0004176846 scaffold_5
733 239 5 5:13614689 13614689 23 T C 0.121 0.4198111 0.1197583 23.13253 1e+05 0.0005403856 0.0003724024 0.0005232606 scaffold_5
740 385 5 5:17078084 17078084 8 A G 0.492 -0.3149109 0.09128104 19.19879 1e+05 0.0006584836 0.0006259141 0.0008393912 scaffold_5
742 234 5 5:19292276 19292276 10 A T 0.284 -0.3576436 0.1013393 28.45113 1e+05 0.0004963647 0.0003630335 0.0005113109 scaffold_5
743 38 5 5:21237112 21237112 25 C T 0.254 -0.4325114 0.1015221 16.44226 1e+05 2.897441e-05 3.306717e-05 6.043151e-05 scaffold_5
746 936 5 5:25072798 25072798 14 C T 0.264 -0.3086789 0.09765376 21.00355 1e+05 0.001767303 0.001626905 0.002020695 scaffold_5
749 83 5 5:32371807 32371807 17 A C 0.056 -0.8133441 0.2052149 17.94418 1e+05 9.658233e-05 0.0001080177 0.0001720002 scaffold_5
750 658 5 5:33920082 33920082 5 G A 0.043 -0.7582674 0.2300129 20.69652 1e+05 0.001121116 0.0010863 0.001391703 scaffold_5
753 773 5 5:50585531 50585531 19 < G 0.101 -0.4298203 0.1366762 74.0114 1e+05 0.001863794 0.001284586 0.001624283 scaffold_5
756 413 5 5:67070937 67070937 22 C G 0.035 0.7863259 0.2265025 18.19415 1e+05 0.0006097738 0.0006717732 0.0008954281 scaffold_5
758 876 5 5:70605948 70605948 22 G A 0.035 -0.7595611 0.2315345 16.36565 1e+05 0.001184169 0.001491874 0.001865007 scaffold_5
763 70 5 5:130531366 130531366 13 G A 0.433 0.3928937 0.09918528 20.03205 1e+05 9.741035e-05 8.922272e-05 0.0001450955 scaffold_5
765 587 5 5:149453130 149453130 16 C G 0.051 -0.6836508 0.1996683 15.44638 1e+05 0.0007215847 0.0009575177 0.001239187 scaffold_5
766 749 5 5:156689219 156689219 7 T C 0.113 -0.4634155 0.1476105 55.76781 1e+05 0.00189688 0.001251917 0.001586132 scaffold_5
767 943 5 5:159838069 159838069 22 G A 0.24 0.3191241 0.104321 42.30384 1e+05 0.002462938 0.001637092 0.002032408 scaffold_5
772 502 5 5:169372914 169372914 14 C T 0.23 0.370791 0.1071409 14.36749 1e+05 0.0006336286 0.0008310115 0.00108802 scaffold_5
774 481 5 5:170853832 170853832 1 A G 0.312 0.3174062 0.09580958 26.68039 1e+05 0.001060554 0.000801225 0.001052207 scaffold_5
787 675 5 5:186333367 186333367 8 C T 0.325 0.3063183 0.09437082 22.76576 1e+05 0.00133143 0.001104941 0.001413678 scaffold_5
790 27 5 5:188505176 188505176 1 T C 0.248 0.4480652 0.1001277 13.36099 1e+05 1.163533e-05 2.079416e-05 4.030176e-05 scaffold_5
824 461 5 5:210916061 210916061 13 C T 0.078 0.6063286 0.1750774 16.63669 1e+05 0.0006282096 0.0007533388 0.0009944359 scaffold_5
848 482 6 6:5636749 5636749 13 T C 0.426 0.3011752 0.09140889 22.70562 1e+05 0.001128083 0.0008031948 0.001054578 scaffold_6
867 714 6 6:92713178 92713178 16 A C 0.247 0.348745 0.1103917 40.6058 1e+05 0.001777779 0.001179253 0.001501045 scaffold_6
871 859 6 6:95637161 95637161 7 G A 0.066 0.5585374 0.1756517 22.86291 1e+05 0.001660517 0.001450822 0.001817507 scaffold_6
879 463 6 6:105029795 105029795 18 G A 0.264 0.3883341 0.1147413 20.64424 1e+05 0.0008284629 0.0007589332 0.001001198 scaffold_6
880 91 6 6:106634923 106634923 25 C T 0.378 -0.3641608 0.09568983 30.90576 1e+05 0.0001780871 0.0001226143 0.0001925852 scaffold_6
881 589 6 6:109197691 109197691 21 T C 0.283 0.3803718 0.1101003 15.0321 1e+05 0.0006472423 0.0009642194 0.001247156 scaffold_6
882 259 6 6:109766996 109766996 7 < G 0.299 -0.3814818 0.1068413 21.1781 1e+05 0.0004274246 0.000399353 0.0005575054 scaffold_6
888 117 6 6:113132387 113132387 24 A C 0.372 0.3740351 0.09221551 12.6945 1e+05 6.679818e-05 0.0001746189 0.0002642625 scaffold_6
892 853 6 6:117710924 117710924 16 T C 0.151 0.4278182 0.1348051 296.5482 1e+05 0.001694943 0.001438678 0.001803441 scaffold_6
901 837 6 6:135967012 135967012 15 G A 0.038 -0.730081 0.2228431 17.34373 1e+05 0.001201753 0.001406206 0.001765791 scaffold_6
904 579 6 6:141231187 141231187 16 G T 0.24 -0.3568176 0.1072391 18.75533 1e+05 0.001009383 0.0009487513 0.001228757 scaffold_6
905 170 6 6:142847200 142847200 2 A G 0.279 0.3672361 0.09730058 15.68223 1e+05 0.0002006817 0.0002593229 0.0003771847 scaffold_6
907 326 6 6:146410959 146410959 16 T C 0.27 -0.3662717 0.103217 17.31305 1e+05 0.0004628535 0.0005128597 0.0006999085 scaffold_6
922 133 6 6:155791919 155791919 16 T C 0.374 -0.3578008 0.09528243 19.77343 1e+05 0.0002157126 0.0002034273 0.0003031081 scaffold_6
925 112 6 6:157224144 157224144 10 G C 0.218 0.3720399 0.09947635 28.70584 1e+05 0.0002284194 0.0001659976 0.0002525311 scaffold_6
926 484 6 6:157245273 157245273 15 C T 0.316 -0.3317445 0.1011208 37.61201 1e+05 0.001183678 0.0008068784 0.001059011 scaffold_6
935 803 6 6:161309267 161309267 21 C T 0.065 -0.5068507 0.1617857 32.54099 1e+05 0.001938349 0.001338394 0.001686989 scaffold_6
941 656 6 6:162581412 162581412 18 T G 0.391 -0.2726457 0.08508555 31.08808 1e+05 0.001530264 0.001084434 0.001389503 scaffold_6
957 957 6 6:167795928 167795928 10 A G 0.056 -0.6171862 0.1960825 19.99685 1e+05 0.001846854 0.001665001 0.002064476 scaffold_6
966 513 7 7:2147891 2147891 24 C T 0.319 0.4011234 0.1167893 16.4952 1e+05 0.0006950358 0.0008558119 0.001117772 scaffold_7
970 450 7 7:3086855 3086855 12 C T 0.151 -0.3681703 0.1114779 42.09121 1e+05 0.001098398 0.0007263666 0.0009617838 scaffold_7
992 278 7 7:8062438 8062438 22 A C 0.262 -0.3152708 0.09133839 64.68111 1e+05 0.0006543687 0.0004437678 0.0006135546 scaffold_7
1002 595 7 7:15139131 15139131 12 T C 0.377 -0.2679293 0.08336819 47.03553 1e+05 0.001482808 0.0009689038 0.001252724 scaffold_7
1005 515 7 7:19328239 19328239 7 T C 0.178 0.4487182 0.1317753 17.51411 1e+05 0.0007706139 0.0008559745 0.001117967 scaffold_7
1009 822 7 7:33171027 33171027 16 T G 0.33 -0.3275234 0.1026076 22.82308 1e+05 0.001594623 0.001379006 0.001734211 scaffold_7
1010 460 7 7:67818231 67818231 13 T C 0.065 -0.6045147 0.183185 36.70295 1e+05 0.001108215 0.0007532452 0.0009943226 scaffold_7
1011 554 7 7:104639538 104639538 21 G A 0.18 0.3926919 0.1186095 23.08087 1e+05 0.001068162 0.0009119135 0.001184859 scaffold_7
1024 877 7 7:129297815 129297815 11 G A 0.3 -0.3218299 0.09894655 19.41529 1e+05 0.001301858 0.001493089 0.001866411 scaffold_7
1025 972 7 7:129724812 129724812 11 T C 0.015 -1.153574 0.371539 25.44099 1e+05 0.002123878 0.001700222 0.002104899 scaffold_7
1030 921 7 7:134042521 134042521 14 < G 0.241 -0.361326 0.1095715 15.35749 1e+05 0.001117306 0.001602761 0.001992918 scaffold_7
1031 325 7 7:135543968 135543968 13 A G 0.185 -0.4467291 0.12343 15.49535 1e+05 0.000357757 0.0005069444 0.0006925516 scaffold_7
1036 444 7 7:143056913 143056913 12 C G 0.356 0.3391275 0.09911067 20.33604 1e+05 0.0007272497 0.000717705 0.0009512804 scaffold_7
1037 963 7 7:143783583 143783583 9 G A 0.467 -0.281444 0.09021137 23.1647 1e+05 0.002022702 0.001687591 0.002090409 scaffold_7
1038 729 7 7:144542282 144542282 25 G T 0.272 0.3053248 0.09463333 18.77404 1e+05 0.001421611 0.001203645 0.001529643 scaffold_7
1039 402 7 7:146157732 146157732 20 G A 0.489 0.3333734 0.09597964 18.91112 1e+05 0.0006059375 0.0006561616 0.0008763836 scaffold_7
1041 440 7 7:147812177 147812177 5 C G 0.315 -0.3315775 0.09949994 28.13307 1e+05 0.0009917394 0.0007107816 0.0009428782 scaffold_7
1043 46 7 7:149887047 149887047 12 A C 0.395 -0.3691965 0.08863157 18.75081 1e+05 4.286277e-05 4.438705e-05 7.825826e-05 scaffold_7
1044 157 7 7:151376306 151376306 24 C T 0.227 0.4208522 0.111278 17.1043 1e+05 0.0001948674 0.0002324255 0.0003417288 scaffold_7
1048 712 7 7:155629917 155629917 14 C T 0.137 -0.4479844 0.1377739 22.28011 1e+05 0.001306139 0.001173504 0.001494298 scaffold_7
1053 138 7 7:158968571 158968571 14 T C 0.357 0.3257707 0.08758794 20.98051 1e+05 0.0002468264 0.0002136785 0.0003168119 scaffold_7
1055 701 7 7:159944784 159944784 22 A G 0.48 0.3088157 0.09500415 22.26577 1e+05 0.00131073 0.001159342 0.001477671 scaffold_7
1063 542 7 7:163616094 163616094 11 T G 0.181 -0.3760266 0.116048 41.50373 1e+05 0.001356911 0.000894725 0.001164335 scaffold_7
1073 307 7 7:167975370 167975370 18 T A 0.253 -0.3877627 0.1076774 16.42934 1e+05 0.0003823324 0.000486727 0.0006673573 scaffold_7
1094 858 7 7:174564461 174564461 10 C A 0.334 -0.3366396 0.101038 14.93727 1e+05 0.0009938868 0.001445438 0.001811271 scaffold_7
1110 514 8 8:4354773 4354773 17 A G 0.066 -0.5062305 0.1530293 173.1083 1e+05 0.001078198 0.000855847 0.001117814 scaffold_8
1121 967 8 8:8822577 8822577 21 T C 0.046 -0.6914305 0.2194251 20.54133 1e+05 0.001825616 0.001691683 0.002095104 scaffold_8
1142 327 8 8:18783514 18783514 11 T A 0.388 -0.3171036 0.0921118 26.9214 1e+05 0.0006757024 0.0005147612 0.0007022721 scaffold_8
1148 42 8 8:22995543 22995543 23 C T 0.436 -0.3907897 0.09349437 19.76845 1e+05 4.042046e-05 3.763911e-05 6.770007e-05 scaffold_8
1149 565 8 8:27651552 27651552 22 G A 0.076 -0.6659296 0.194218 15.49078 1e+05 0.0007094084 0.0009277904 0.001203793 scaffold_8
1150 67 8 8:29616012 29616012 19 G A 0.351 0.3757714 0.09556239 26.21336 1e+05 0.0001091619 8.359277e-05 0.0001369339 scaffold_8
1154 337 8 8:86555744 86555744 7 A G 0.195 0.3662287 0.1041035 19.00981 1e+05 0.000516822 0.0005298939 0.0007210593 scaffold_8
1155 981 8 8:96020306 96020306 19 T C 0.155 -0.4273555 0.1341537 17.98857 1e+05 0.00162906 0.001715794 0.002122756 scaffold_8
1156 222 8 8:100386332 100386332 16 C G 0.138 -0.4786002 0.1337784 23.98289 1e+05 0.0004166681 0.000351028 0.0004959624 scaffold_8
1159 590 8 8:108469999 108469999 13 C T 0.429 -0.3067514 0.09209598 19.99502 1e+05 0.0009974176 0.0009642695 0.001247215 scaffold_8
1161 543 8 8:116966007 116966007 24 T A 0.247 0.3477182 0.1024202 18.00428 1e+05 0.000798468 0.0008954062 0.001165149 scaffold_8
1165 1 8 8:123039067 123039067 14 G A 0.414 -0.476474 0.09188591 17.59754 1e+05 4.462e-07 4.084369e-07 1.44581e-06 scaffold_8
1166 241 8 8:127961968 127961968 9 T G 0.134 -0.4694217 0.1218432 12.38905 1e+05 0.0001486914 0.0003733114 0.0005244187 scaffold_8
1167 10 8 8:130288296 130288296 3 C T 0.179 -0.5441088 0.1130309 13.69287 1e+05 2.570781e-06 4.930341e-06 1.166091e-05 scaffold_8
1168 107 8 8:135622174 135622174 11 A G 0.365 -0.3797236 0.1007322 23.60171 1e+05 0.0002042184 0.0001607126 0.0002453127 scaffold_8
1169 22 8 8:138986833 138986833 9 A G 0.457 0.373208 0.08631828 43.06893 1e+05 2.221451e-05 1.461774e-05 2.967706e-05 scaffold_8
1170 284 8 8:140613574 140613574 9 A G 0.488 0.3037744 0.08626822 22.72684 1e+05 0.0005106467 0.0004542228 0.0006266838 scaffold_8
1171 952 8 8:142901829 142901829 8 G C 0.479 -0.294554 0.09269221 20.21044 1e+05 0.001671754 0.001650992 0.002048384 scaffold_8
1172 462 8 8:144073437 144073437 12 G A 0.429 -0.3154771 0.09525589 28.82518 1e+05 0.001064171 0.0007553072 0.0009968156 scaffold_8
1173 57 8 8:145442986 145442986 16 T G 0.328 -0.4060164 0.1027769 27.18035 1e+05 0.0001016177 7.418519e-05 0.0001231729 scaffold_8
1175 210 8 8:148240833 148240833 6 G A 0.337 0.3462059 0.09806815 35.15879 1e+05 0.000494426 0.000332346 0.0004719941 scaffold_8
1176 2 8 8:149442791 149442791 12 T C 0.335 -0.4381494 0.08912163 25.66442 1e+05 1.601687e-06 1.184666e-06 3.498017e-06 scaffold_8
1177 6 8 8:149860811 149860811 11 C A 0.421 0.4065023 0.08567453 34.15733 1e+05 3.521194e-06 2.327897e-06 6.169155e-06 scaffold_8
1179 531 8 8:152291942 152291942 11 A G 0.252 -0.3200777 0.09672392 23.26129 1e+05 0.001074056 0.0008788516 0.001145358 scaffold_8
1186 106 8 8:160466633 160466633 10 G A 0.178 0.4478159 0.1192342 117.082 1e+05 0.0002152185 0.0001599923 0.0002443273 scaffold_8
1187 340 8 8:161172950 161172950 24 C A 0.183 -0.3740456 0.1099751 35.85588 1e+05 0.0007814472 0.0005348646 0.0007272217 scaffold_8
1190 624 8 8:163291772 163291772 6 C T 0.306 -0.3298571 0.09702343 15.70262 1e+05 0.0007853254 0.001020181 0.001313557 scaffold_8
1201 520 8 8:166557064 166557064 18 C T 0.013 -1.20417 0.3589998 1e+05 1e+05 0.0009199434 0.0008667683 0.001130896 scaffold_8
1204 452 8 8:167825160 167825160 2 A G 0.454 0.2949194 0.08508472 17.60525 1e+05 0.0006216026 0.0007319183 0.0009685115 scaffold_8
1212 815 8 8:169711566 169711566 16 G C 0.304 0.31703 0.101591 59.40417 1e+05 0.002017289 0.001360491 0.001712694 scaffold_8
1223 434 8 8:172250994 172250994 9 T G 0.231 -0.4020373 0.118725 24.79605 1e+05 0.0008231235 0.0006993967 0.0009290492 scaffold_8
1224 61 8 8:172532998 172532998 20 T G 0.186 -0.4979407 0.1252109 21.95378 1e+05 9.159385e-05 7.660512e-05 0.0001267283 scaffold_8
1247 254 9 9:4678202 4678202 12 A G 0.366 0.3365163 0.09617931 77.05257 1e+05 0.0005533791 0.0003903131 0.0005460397 scaffold_9
1256 495 9 9:8018195 8018195 3 C G 0.089 -0.5367072 0.1580765 18.68346 1e+05 0.0007978478 0.000820071 0.001074877 scaffold_9
1259 720 9 9:9321427 9321427 22 T A 0.31 0.3210213 0.1003495 29.55445 1e+05 0.001557735 0.001190934 0.001514744 scaffold_9
1262 494 9 9:10845529 10845529 11 A G 0.44 0.2690117 0.0823401 40.04991 1e+05 0.001239528 0.0008173293 0.001071581 scaffold_9
1269 895 9 9:13498278 13498278 13 A C 0.387 -0.2980128 0.09253923 19.62374 1e+05 0.001450498 0.001558341 0.001941744 scaffold_9
1270 804 9 9:14162407 14162407 7 A G 0.432 -0.2888316 0.08909074 20.06648 1e+05 0.00134906 0.001344862 0.001694516 scaffold_9
1272 831 9 9:15617375 15617375 11 A C 0.258 -0.3570282 0.1084274 16.62802 1e+05 0.001135902 0.001396594 0.001754635 scaffold_9
1281 615 9 9:20124241 20124241 16 A C 0.183 0.3952308 0.1177338 18.29451 1e+05 0.0009112384 0.001004062 0.001294457 scaffold_9
1282 517 9 9:20598694 20598694 9 C T 0.496 0.3151329 0.09302067 18.4692 1e+05 0.0008188815 0.0008629423 0.001126315 scaffold_9
1288 114 9 9:25079007 25079007 15 T C 0.25 0.402594 0.1060665 21.55731 1e+05 0.0001849823 0.0001666294 0.0002533927 scaffold_9
1291 200 9 9:59157568 59157568 20 T C 0.316 0.3702845 0.1049391 36.29176 1e+05 0.0004974477 0.0003263868 0.0004643262 scaffold_9
1292 188 9 9:85666512 85666512 21 C T 0.243 0.3977417 0.1042041 14.31591 1e+05 0.000170553 0.0002916058 0.0004193379 scaffold_9
1293 214 9 9:95253727 95253727 8 T G 0.167 0.4031199 0.1112933 20.57201 1e+05 0.0003540367 0.0003435868 0.0004864281 scaffold_9
1294 122 9 9:99898130 99898130 15 C A 0.013 -1.692921 0.445283 19.50115 1e+05 0.0001806447 0.0001821337 0.0002744465 scaffold_9
1295 423 9 9:103209597 103209597 12 T G 0.059 -0.7483183 0.2112214 15.24604 1e+05 0.000472553 0.0006820818 0.0009079862 scaffold_9
1298 392 9 9:110271621 110271621 14 A G 0.07 0.6817545 0.1892898 14.11368 1e+05 0.0003816452 0.0006348692 0.0008503564 scaffold_9
1299 129 9 9:112355390 112355390 8 A G 0.442 0.3351585 0.08892902 19.7501 1e+05 0.0002048406 0.0001903678 0.0002855627 scaffold_9
1300 549 9 9:115081166 115081166 19 C A 0.138 -0.4424528 0.1363051 38.65982 1e+05 0.001330771 0.0009036933 0.001175047 scaffold_9
1301 21 9 9:116074131 116074131 15 C G 0.35 0.4499723 0.09934903 15.69906 1e+05 9.188378e-06 1.243898e-05 2.580942e-05 scaffold_9
1303 612 9 9:122479022 122479022 21 A T 0.476 0.333921 0.09815285 16.07754 1e+05 0.0007790842 0.000999394 0.001288921 scaffold_9
1308 763 9 9:131181957 131181957 6 T C 0.339 0.3161187 0.09557608 17.30272 1e+05 0.001080243 0.001273334 0.00161115 scaffold_9
1310 164 9 9:134186492 134186492 12 G T 0.234 0.4169281 0.1130631 20.22827 1e+05 0.0002779539 0.0002420576 0.0003544636 scaffold_9
1334 597 9 9:147039860 147039860 24 G A 0.088 0.5831923 0.1695466 15.91156 1e+05 0.000682595 0.000973312 0.001257962 scaffold_9
1352 727 9 9:152580220 152580220 3 G A 0.401 0.3466996 0.1005414 13.38996 1e+05 0.0006621624 0.001194996 0.001519507 scaffold_9
1353 786 9 9:152790756 152790756 23 G C 0.395 0.330031 0.1004967 17.33259 1e+05 0.001170384 0.001302986 0.001645744 scaffold_9
1360 994 9 9:154358951 154358951 21 C T 0.246 -0.3476374 0.110624 21.86935 1e+05 0.001877882 0.00173075 0.002139897 scaffold_9
1370 304 10 10:1138277 1138277 21 T A 0.254 0.4036447 0.1178411 57.27719 1e+05 0.0007180498 0.0004799751 0.0006589259 scaffold_10
1377 425 10 10:3195870 3195870 11 T C 0.46 -0.2927114 0.08753145 89.25086 1e+05 0.0009528028 0.0006853611 0.0009119782 scaffold_10
1378 175 10 10:3261335 3261335 25 < T 0.082 -0.5620046 0.1528098 1e+05 1e+05 0.0002882353 0.0002686189 0.0003893653 scaffold_10
1380 248 10 10:3911875 3911875 11 G A 0.225 0.4151589 0.118924 63.56468 1e+05 0.0005691731 0.0003851978 0.0005395425 scaffold_10
1384 347 10 10:4685203 4685203 7 A T 0.012 -0.8354482 0.2399159 1e+05 1e+05 0.000587105 0.0005508373 0.0007469948 scaffold_10
1385 183 10 10:4909626 4909626 23 A G 0.013 -0.8387784 0.2287478 1e+05 1e+05 0.0003002237 0.0002798993 0.0004040992 scaffold_10
1391 982 10 10:5736899 5736899 14 T A 0.352 0.2631139 0.08533814 113.8354 1e+05 0.002278499 0.001715853 0.002122823 scaffold_10
1393 636 10 10:6139655 6139655 15 T C 0.14 -0.3877856 0.1207014 76.17348 1e+05 0.001487973 0.001041306 0.00133856 scaffold_10
1396 794 10 10:6660417 6660417 15 T G 0.091 0.4599893 0.1475888 47.43568 1e+05 0.002043491 0.001322839 0.001668878 scaffold_10
1404 205 10 10:11813699 11813699 8 A T 0.422 -0.3210409 0.08728638 17.11824 1e+05 0.0002880072 0.0003295246 0.0004683651 scaffold_10
1405 571 10 10:12874369 12874369 14 T G 0.369 0.3361005 0.1005479 19.34124 1e+05 0.0009573495 0.000939504 0.001217748 scaffold_10
1408 731 10 10:17607252 17607252 9 A C 0.012 -1.861252 0.5676748 19.75223 1e+05 0.001191522 0.001207615 0.001534295 scaffold_10
1409 136 10 10:22114603 22114603 16 A G 0.055 0.7765761 0.2026442 16.02698 1e+05 0.0001608615 0.0002112184 0.0003135284 scaffold_10
1411 146 10 10:60483452 60483452 12 A C 0.473 -0.356472 0.09767272 28.48525 1e+05 0.0003199158 0.0002236579 0.0003300979 scaffold_10
1413 823 10 10:78335982 78335982 15 C T 0.057 0.6404561 0.1987125 21.05663 1e+05 0.001437758 0.001383278 0.001739174 scaffold_10
1415 609 10 10:84095773 84095773 4 T C 0.03 -0.6274035 0.1892622 1e+05 1e+05 0.00105292 0.0009933162 0.001281712 scaffold_10
1416 286 10 10:88210074 88210074 24 A G 0.407 0.3337695 0.09377226 18.44422 1e+05 0.0004451143 0.0004592498 0.0006329884 scaffold_10
1417 39 10 10:96386190 96386190 10 C T 0.388 -0.4115707 0.09628718 15.32227 1e+05 2.731362e-05 3.418365e-05 6.221609e-05 scaffold_10
1418 63 10 10:104877712 104877712 5 A G 0.321 -0.4093991 0.09946199 14.34745 1e+05 5.242457e-05 7.864391e-05 0.0001297151 scaffold_10
1419 74 10 10:111400037 111400037 14 G A 0.257 0.3954292 0.1000256 19.70892 1e+05 0.0001004978 9.363602e-05 0.0001514583 scaffold_10
1420 62 10 10:113770638 113770638 5 A G 0.372 0.4159476 0.1023291 16.58077 1e+05 6.450366e-05 7.708367e-05 0.0001274301 scaffold_10
1421 812 10 10:116997641 116997641 5 T C 0.358 -0.3564763 0.1113614 20.10131 1e+05 0.001547169 0.001359301 0.00171131 scaffold_10
1422 398 10 10:118334302 118334302 23 C T 0.384 -0.3060593 0.09105287 93.95685 1e+05 0.000897626 0.0006494104 0.0008681377 scaffold_10
1426 189 10 10:128348485 128348485 18 T A 0.163 0.4263035 0.1188858 27.40595 1e+05 0.0004043251 0.0002954119 0.0004242814 scaffold_10
1427 847 10 10:130166905 130166905 4 G C 0.111 -0.4563383 0.1424336 20.39672 1e+05 0.001532844 0.001425729 0.001788432 scaffold_10
1431 733 10 10:132608545 132608545 22 A T 0.197 -0.440985 0.1331987 17.75197 1e+05 0.001068404 0.001211676 0.001539052 scaffold_10
1435 65 10 10:135823996 135823996 14 T C 0.089 0.6498081 0.1592456 15.62048 1e+05 6.054388e-05 8.322848e-05 0.000136404 scaffold_10
1438 451 10 10:136903154 136903154 7 A T 0.105 -0.5602324 0.161521 16.55111 1e+05 0.0006165619 0.0007264875 0.0009619304 scaffold_10
1439 781 10 10:137529435 137529435 14 T G 0.27 0.3211137 0.1007957 22.82528 1e+05 0.001627863 0.001295822 0.001637391 scaffold_10
1449 860 10 10:141827306 141827306 10 C T 0.307 -0.3587128 0.1112093 18.60335 1e+05 0.001425594 0.001454581 0.00182186 scaffold_10
1460 343 10 10:145553889 145553889 11 G A 0.39 0.2991558 0.08833951 46.87147 1e+05 0.0008227155 0.0005427761 0.0007370211 scaffold_10
1466 292 10 10:147029109 147029109 9 C T 0.227 0.3550798 0.1027073 101.9562 1e+05 0.0006417066 0.0004687915 0.0006449405 scaffold_10
