9 426 1 1:4062286 4062286 21 A G 0.364 0.165381 0.04982703 3.686212 4.183867 0.001034904 0.0009786064 0.001256994 scaffold_1
10 396 1 1:4117355 4117355 16 C T 0.477 -0.1574071 0.04715546 3.720412 4.248811 0.0009696252 0.0009122506 0.001178523 scaffold_1
11 204 1 1:4601469 4601469 9 G T 0.236 -0.1940545 0.05557819 3.593381 4.148991 0.0005657875 0.0005357403 0.0007234128 scaffold_1
34 936 1 1:14245967 14245967 19 T C 0.193 0.1858375 0.05919975 2.979644 3.35714 0.001893712 0.002104216 0.002722174 scaffold_1
35 424 1 1:14508627 14508627 22 C A 0.391 0.1682942 0.04997218 2.963798 3.289161 0.0008749256 0.0009726216 0.001356779 scaffold_1
39 19 1 1:17700985 17700985 23 C A 0.412 0.1967424 0.04732301 3.27055 3.65192 4.398648e-05 4.330754e-05 7.755677e-05 scaffold_1
40 658 1 1:17853229 17853229 15 G A 0.258 -0.1767223 0.05448327 2.92601 3.269686 0.001337818 0.001514245 0.002040944 scaffold_1
43 299 1 1:21753883 21753883 24 C G 0.474 -0.16844 0.04958373 3.848952 4.412167 0.0007899801 0.0007336714 0.0009674952 scaffold_1
46 570 1 1:23963682 23963682 20 C T 0.205 -0.1703634 0.05697046 5.611923 1e+05 0.003058913 0.001291156 0.004805062 scaffold_1
48 379 1 1:25882482 25882482 5 C G 0.018 -0.6403507 0.1910324 3.609318 4.038106 0.0009238501 0.0008838872 0.001146812 scaffold_1
49 3 1 1:26336258 26336258 24 A G 0.105 0.3255408 0.07330871 2.861043 3.204092 1.336716e-05 1.476546e-05 3.214594e-05 scaffold_1
50 568 1 1:26917904 26917904 25 C A 0.282 -0.1928603 0.05930114 3.433578 3.887066 0.00129951 0.001275902 0.001617809 scaffold_1
58 125 1 1:33589453 33589453 17 C T 0.475 -0.1687003 0.04665084 3.553451 4.016963 0.0003602237 0.0003430078 0.0004831001 scaffold_1
60 280 1 1:36157260 36157260 7 G A 0.184 -0.2077667 0.06079695 3.868404 4.47807 0.0007357414 0.0006808479 0.0009049732 scaffold_1
62 541 1 1:38743647 38743647 15 T C 0.188 -0.2037605 0.06272073 3.976454 4.426219 0.001315063 0.001225984 0.001554291 scaffold_1
65 354 1 1:42856000 42856000 6 T C 0.173 -0.2129095 0.06204876 2.78927 3.126353 0.0007005436 0.000833487 0.001206502 scaffold_1
73 411 1 1:53155998 53155998 7 C G 0.09 0.2997858 0.09007873 3.809062 4.262335 0.001003604 0.0009411552 0.001213048 scaffold_1
74 996 1 1:53839007 53839007 25 T C 0.353 0.1504905 0.04854589 3.217112 3.640097 0.002152529 0.002226197 0.002760764 scaffold_1
75 997 1 1:55503802 55503802 0 T C 0.072 -0.3006719 0.09725503 3.337927 3.744886 0.002211942 0.002227966 0.002741753 scaffold_1
77 652 1 1:60835855 60835855 19 T C 0.372 0.1680308 0.05232617 3.315162 3.720968 0.001491455 0.001504361 0.001905909 scaffold_1
78 312 1 1:64266623 64266623 16 C T 0.353 -0.1743942 0.0512142 3.34725 3.758349 0.0007678833 0.0007640026 0.001017348 scaffold_1
79 248 1 1:64600957 64600957 8 T C 0.163 0.2074553 0.06025569 3.848498 4.340237 0.000672482 0.0006256259 0.0008348225 scaffold_1
82 656 1 1:71614146 71614146 23 T C 0.353 -0.1545525 0.05049761 4.6745 1e+05 0.002445006 0.001512445 0.003010557 scaffold_1
87 628 1 1:83106824 83106824 13 T C 0.41 0.1623298 0.05059095 3.678681 4.15357 0.0015042 0.00143037 0.001784911 scaffold_1
90 420 1 1:88329110 88329110 9 T C 0.165 -0.2315206 0.06826739 2.795465 3.144034 0.0008058718 0.0009575637 0.001358737 scaffold_1
94 32 1 1:119219027 119219027 3 T C 0.331 -0.2017238 0.05135723 4.067148 4.611983 0.0001103893 9.997676e-05 0.0001606906 scaffold_1
95 315 1 1:153590588 153590588 25 T G 0.114 -0.2834302 0.08377227 3.853824 4.514047 0.0008287765 0.000765924 0.001009226 scaffold_1
96 876 1 1:158649615 158649615 10 G T 0.322 0.1571062 0.05063193 3.93877 4.416814 0.002131999 0.001996715 0.002441534 scaffold_1
98 98 1 1:170227656 170227656 24 G T 0.127 0.2545392 0.06856827 3.139903 3.462984 0.0002523224 0.0002618483 0.0003983618 scaffold_1
99 229 1 1:173333820 173333820 13 C A 0.387 -0.1804781 0.05164002 3.082153 3.446576 0.0005590189 0.0005936799 0.000835141 scaffold_1
100 461 1 1:176863594 176863594 20 C T 0.11 0.2321574 0.07045891 3.602564 4.12213 0.001124123 0.001070965 0.001366474 scaffold_1
102 265 1 1:181708683 181708683 24 A G 0.348 -0.1719235 0.05018402 4.25408 4.870931 0.0007141487 0.000655192 0.000895076 scaffold_1
109 367 1 1:189388296 189388296 3 A G 0.187 0.2007038 0.05983295 3.79243 4.288226 0.0009163748 0.0008580619 0.00111446 scaffold_1
121 868 1 1:203882455 203882455 18 C T 0.069 -0.2639312 0.08495128 3.76587 4.301958 0.002104784 0.001984595 0.002420403 scaffold_1
122 644 1 1:204909252 204909252 3 A G 0.043 -0.3267613 0.1019975 3.639068 4.091266 0.001529788 0.00146186 0.001822651 scaffold_1
124 297 1 1:206785697 206785697 15 C T 0.054 -0.4098264 0.1162025 2.440426 2.745317 0.0004985758 0.0007245821 0.001159215 scaffold_1
132 155 1 1:216980894 216980894 16 A C 0.224 0.2088289 0.05850306 3.340103 3.723663 0.0004272162 0.0004237517 0.0005957733 scaffold_1
143 349 1 1:233247106 233247106 5 A G 0.095 -0.247824 0.07362081 3.842707 4.310647 0.0008796013 0.0008216163 0.001071304 scaffold_1
144 47 1 1:234319459 234319459 17 T G 0.402 -0.1870719 0.04825929 3.779598 4.389718 0.0001349137 0.0001236733 0.0001925429 scaffold_1
145 355 1 1:236910191 236910191 10 G C 0.257 -0.1900996 0.05561789 2.901227 3.239535 0.0007342685 0.0008335912 0.001183088 scaffold_1
146 190 1 1:240206478 240206478 9 C T 0.202 0.2089675 0.05963349 3.948889 4.467951 0.0005407838 0.0004993669 0.0006818022 scaffold_1
147 134 1 1:240415172 240415172 19 A C 0.097 -0.2654182 0.07564959 4.028348 1e+05 0.0005324689 0.0003776292 0.0006713485 scaffold_1
149 808 1 1:245104649 245104649 9 A G 0.175 0.2066359 0.06572532 3.41947 3.860222 0.001864255 0.001844394 0.002279234 scaffold_1
150 937 1 1:247460742 247460742 6 T C 0.09 0.2772438 0.08982968 3.924969 4.457932 0.002249951 0.002104308 0.00256632 scaffold_1
152 114 1 1:251490208 251490208 19 C T 0.359 -0.1771981 0.04776419 2.701984 2.991819 0.0002545535 0.000312922 0.00051725 scaffold_1
157 928 1 1:256722222 256722222 18 G A 0.226 -0.1707838 0.05508228 3.524335 3.942013 0.002148626 0.002093899 0.002556476 scaffold_1
161 24 1 1:259383658 259383658 5 A C 0.486 0.1988642 0.04920717 3.329063 3.689713 7.040039e-05 6.888595e-05 0.0001166357 scaffold_1
162 129 1 1:262676058 262676058 18 G C 0.251 0.1891389 0.05260505 3.889746 4.417258 0.0003887172 0.000358329 0.0005031515 scaffold_1
165 883 1 1:265934699 265934699 8 G T 0.074 0.2863801 0.09153005 3.261182 3.632298 0.001959108 0.002009399 0.002518015 scaffold_1
167 907 1 1:268802852 268802852 6 G A 0.042 0.3297021 0.1064169 3.74827 4.240972 0.002164817 0.002050128 0.002493048 scaffold_1
173 710 1 1:276505498 276505498 18 A G 0.293 0.1778598 0.05479749 2.759013 3.055643 0.001328119 0.001617199 0.002315127 scaffold_1
176 946 1 1:278975542 278975542 3 C T 0.319 0.1497029 0.04775492 3.004442 3.323936 0.001920915 0.002123233 0.002794682 scaffold_1
178 794 1 1:280385862 280385862 17 T G 0.102 -0.2603773 0.08240467 3.19557 3.732287 0.001769645 0.00181945 0.002265495 scaffold_1
179 51 1 1:280702998 280702998 21 A G 0.18 -0.2229471 0.06380462 4.919565 1e+05 0.000560442 0.0001313014 0.0008050065 scaffold_1
182 564 1 1:283325753 283325753 17 T A 0.367 -0.165923 0.050776 3.210503 3.593135 0.001233011 0.001273335 0.001654121 scaffold_1
183 324 1 1:284576804 284576804 12 T C 0.414 -0.1586771 0.04639665 3.019865 3.40846 0.0007289883 0.0007901652 0.00108943 scaffold_1
185 368 1 1:286394218 286394218 11 T C 0.333 0.1671535 0.04979824 3.671281 4.144354 0.0009093857 0.0008615757 0.001118178 scaffold_1
188 328 1 1:288461135 288461135 16 C T 0.346 -0.171578 0.05052833 3.331167 3.739892 0.000793861 0.0007929068 0.001053964 scaffold_1
199 845 1 1:294358619 294358619 8 G A 0.211 0.1736924 0.05639633 4.451888 1e+05 0.002297629 0.001924271 0.002728886 scaffold_1
208 741 1 1:299483349 299483349 8 A G 0.313 -0.1774499 0.05559641 3.112622 3.488945 0.001591508 0.001693602 0.002178844 scaffold_1
225 266 2 2:3551992 3551992 12 C G 0.129 0.2483108 0.07193207 3.283817 3.673313 0.0006511861 0.0006563297 0.0008917296 scaffold_2
233 920 2 2:5831784 5831784 12 T C 0.198 -0.1818809 0.05888176 3.96043 4.508127 0.002231139 0.002082072 0.002545893 scaffold_2
237 311 2 2:7278000 7278000 24 A G 0.393 -0.1608004 0.04737562 3.649304 4.068597 0.0007980858 0.0007581114 0.0009954193 scaffold_2
241 244 2 2:8869549 8869549 25 T C 0.216 0.2024033 0.05858391 3.578992 4.037736 0.0006445079 0.0006153706 0.0008225996 scaffold_2
247 232 2 2:11209280 11209280 17 G A 0.26 -0.1748102 0.05038757 3.413567 3.849066 0.0006124487 0.0005990899 0.0008093024 scaffold_2
250 274 2 2:12359960 12359960 2 A G 0.214 0.2109585 0.06168592 3.863954 4.396247 0.0007293247 0.0006765992 0.0008980977 scaffold_2
251 699 2 2:12445365 12445365 5 T C 0.198 0.2060245 0.06499289 3.881568 4.422865 0.001710887 0.001596763 0.001983674 scaffold_2
253 254 2 2:13629349 13629349 17 T C 0.3 0.1789427 0.05208195 3.885956 4.448311 0.0006896042 0.0006377794 0.000852016 scaffold_2
262 940 2 2:17857405 17857405 12 G T 0.271 0.1797157 0.05775427 3.296355 3.659033 0.002071591 0.002107464 0.002632184 scaffold_2
263 425 2 2:18757738 18757738 5 C G 0.298 0.165487 0.04990218 4.616063 5.310158 0.001045151 0.0009732813 0.001343092 scaffold_2
264 5 2 2:19249786 19249786 16 C G 0.361 0.2125738 0.04902055 3.72763 4.201563 2.087041e-05 1.899017e-05 3.669671e-05 scaffold_2
266 549 2 2:20677934 20677934 17 A G 0.423 0.1476146 0.04548674 3.871983 4.353541 0.001330553 0.00124353 0.001571044 scaffold_2
271 85 2 2:24289608 24289608 20 A G 0.304 0.1882532 0.05052333 3.521786 3.980421 0.0002395289 0.0002283953 0.0003346367 scaffold_2
272 695 2 2:25205584 25205584 23 C T 0.135 0.2505362 0.07899639 4.001814 4.549449 0.001702225 0.001583318 0.001977416 scaffold_2
273 195 2 2:26298134 26298134 7 A G 0.062 0.3625743 0.1037509 4.28018 4.938263 0.0005595475 0.0005106031 0.0007168868 scaffold_2
274 754 2 2:28190331 28190331 17 T C 0.438 0.1511549 0.04803281 4.177868 4.76169 0.00184608 0.001711165 0.002151856 scaffold_2
281 415 2 2:37193075 37193075 10 A T 0.19 0.2073274 0.06165494 3.074077 3.421861 0.0008903931 0.0009533088 0.001298096 scaffold_2
282 220 2 2:38660529 38660529 18 T C 0.038 0.4209275 0.1196207 2.978254 3.292236 0.0005130879 0.0005644399 0.0008249916 scaffold_2
283 203 2 2:41123450 41123450 21 T C 0.023 0.5618751 0.1595634 3.137679 3.463652 0.0005085406 0.0005323429 0.0007567424 scaffold_2
284 439 2 2:44069900 44069900 14 A G 0.189 0.2195865 0.06640866 3.873302 4.313329 0.001080218 0.001010941 0.001296637 scaffold_2
285 518 2 2:45008819 45008819 12 T G 0.235 -0.1842099 0.05614785 3.349547 3.767036 0.001179552 0.001177782 0.001514039 scaffold_2
286 686 2 2:49288880 49288880 6 T C 0.137 0.1907619 0.05990718 3.607519 4.094525 0.001631468 0.001562455 0.001938381 scaffold_2
287 348 2 2:54615617 54615617 17 A G 0.433 0.1628691 0.04956312 4.590906 1e+05 0.001158497 0.0008192293 0.001470142 scaffold_2
289 259 2 2:61733043 61733043 11 T G 0.285 -0.1793465 0.05409918 4.003876 1e+05 0.001049053 0.0006445635 0.001256754 scaffold_2
290 23 2 2:73339647 73339647 16 T C 0.124 -0.3478574 0.08597621 3.675144 4.161227 6.911236e-05 6.393395e-05 0.0001067421 scaffold_2
291 30 2 2:80880466 80880466 10 A C 0.089 -0.4073928 0.1033203 4.467503 5.06203 0.0001040164 9.448733e-05 0.0001583811 scaffold_2
292 136 2 2:127627861 127627861 24 G A 0.067 0.3149243 0.08780144 3.568497 3.999477 0.0004012224 0.000382236 0.0005334406 scaffold_2
293 743 2 2:137198991 137198991 8 G C 0.267 -0.1724267 0.05473708 4.265085 4.857495 0.001826861 0.001694039 0.002147669 scaffold_2
296 222 2 2:152809857 152809857 15 T C 0.457 -0.1673232 0.04828338 4.31185 4.937581 0.0006209275 0.0005698791 0.000791218 scaffold_2
298 14 2 2:168860331 168860331 13 A C 0.043 -0.4393221 0.1048722 4.488595 1e+05 3.861732e-05 3.056018e-05 6.545699e-05 scaffold_2
300 799 2 2:174978975 174978975 8 < C 0.094 -0.2537875 0.07993867 3.042816 3.433247 0.001683781 0.00182687 0.002359779 scaffold_2
301 378 2 2:177474281 177474281 14 G A 0.479 0.1586332 0.04747872 4.142266 4.770356 0.0009593233 0.0008820209 0.001165477 scaffold_2
305 13 2 2:182624736 182624736 24 C T 0.324 0.2148925 0.05089261 4.431231 5.252549 3.364371e-05 2.991363e-05 5.745558e-05 scaffold_2
306 46 2 2:184057051 184057051 22 C T 0.291 -0.1799876 0.04645425 4.5859 5.448596 0.0001358993 0.0001229571 0.0002057308 scaffold_2
310 633 2 2:187924261 187924261 14 G T 0.447 0.1534262 0.04681188 2.785017 3.05643 0.001192835 0.001435941 0.002087762 scaffold_2
318 170 2 2:195212203 195212203 21 G A 0.053 0.3828062 0.1081615 3.563547 3.995272 0.0004768172 0.0004558678 0.0006261817 scaffold_2
322 231 2 2:202265235 202265235 12 C T 0.38 -0.1896006 0.05422329 3.062642 3.416085 0.0005555587 0.0005940739 0.0008393195 scaffold_2
323 154 2 2:203301062 203301062 15 C T 0.054 -0.4064449 0.1094647 2.25545 2.511271 0.0002515468 0.000420932 0.0007921771 scaffold_2
327 660 2 2:206923402 206923402 5 G A 0.204 -0.1892341 0.05891422 3.26498 3.690047 0.001487425 0.00151567 0.001921992 scaffold_2
328 855 2 2:207421983 207421983 18 T C 0.462 0.1438054 0.04625688 4.046144 4.622954 0.002091189 0.001940899 0.00239891 scaffold_2
332 851 2 2:210838806 210838806 18 A C 0.487 -0.1576589 0.05000728 3.098836 3.49239 0.001811098 0.00193421 0.002464104 scaffold_2
334 4 2 2:212064454 212064454 6 A T 0.392 -0.2251258 0.05153601 3.053139 3.453851 1.822684e-05 1.882357e-05 3.797509e-05 scaffold_2
339 145 2 2:215244141 215244141 22 G A 0.483 -0.1715311 0.04810871 3.938881 4.449075 0.0004335452 0.0003994572 0.0005560827 scaffold_2
340 414 2 2:216073630 216073630 20 T A 0.35 0.1670646 0.0500576 3.442889 3.882532 0.000971631 0.0009504436 0.001233489 scaffold_2
342 750 2 2:217173794 217173794 7 G A 0.206 -0.1789294 0.05657843 3.529801 3.934071 0.001753576 0.001705604 0.002113749 scaffold_2
343 468 2 2:218309311 218309311 14 C T 0.391 0.1556187 0.04709615 3.339247 3.722711 0.001088813 0.001089858 0.001417115 scaffold_2
346 657 2 2:220574438 220574438 24 A G 0.092 0.2541726 0.079261 3.364558 3.757287 0.00151374 0.001512935 0.00191187 scaffold_2
349 82 2 2:223268485 223268485 22 T C 0.481 0.1752682 0.04658943 3.019626 3.357414 0.0002091761 0.0002244439 0.0003511739 scaffold_2
354 399 2 2:228717504 228717504 7 A G 0.106 0.2395595 0.07152698 3.436945 3.837793 0.0009329493 0.0009155794 0.001195336 scaffold_2
356 488 2 2:229679138 229679138 25 G T 0.427 -0.1568391 0.04758583 3.33547 3.757026 0.001120341 0.001120446 0.001447239 scaffold_2
357 263 2 2:229958032 229958032 6 A C 0.088 0.2692251 0.07825542 3.547958 3.988465 0.0006786322 0.0006515043 0.0008680132 scaffold_2
364 335 2 2:233340110 233340110 10 A G 0.038 0.36999 0.1077207 2.844803 3.175297 0.0006922272 0.0008020461 0.001171191 scaffold_2
367 162 2 2:234586623 234586623 13 T C 0.141 -0.2245409 0.06343839 4.560629 5.234116 0.0004762986 0.0004392658 0.0006426508 scaffold_2
372 487 2 2:236749184 236749184 18 T C 0.257 -0.1746098 0.05335774 4.46516 5.21215 0.00121355 0.001120444 0.001503894 scaffold_2
385 885 3 3:2606876 2606876 16 G C 0.195 -0.1790865 0.05784022 4.257243 4.90456 0.002178818 0.002015116 0.002532619 scaffold_3
393 998 3 3:4150958 4150958 11 G A 0.321 0.1532318 0.04977764 3.58503 4.0188 0.002309 0.002231096 0.002704177 scaffold_3
394 809 3 3:4343420 4343420 8 C G 0.094 -0.230971 0.07393887 4.258736 4.834107 0.001991438 0.001847115 0.002327648 scaffold_3
397 217 3 3:4890044 4890044 8 T C 0.223 0.1877719 0.05393598 3.622139 4.100467 0.0005866981 0.0005560825 0.0007488762 scaffold_3
402 519 3 3:6172163 6172163 17 C T 0.081 0.2649467 0.08123481 3.817557 4.328211 0.001259404 0.001178295 0.00149377 scaffold_3
413 117 3 3:10096978 10096978 11 T C 0.394 0.1748897 0.04810754 3.47317 3.90238 0.0003357076 0.0003238717 0.0004605929 scaffold_3
425 561 3 3:18649538 18649538 25 A G 0.276 0.178855 0.05524148 4.011874 4.546656 0.001364718 0.001266352 0.001608452 scaffold_3
426 421 3 3:19562316 19562316 17 G T 0.308 0.1765323 0.05276826 3.273683 3.651954 0.00094525 0.0009588432 0.00126691 scaffold_3
427 531 3 3:19772395 19772395 18 A G 0.178 0.2341842 0.07197051 4.440565 5.089574 0.001292192 0.001197499 0.001588469 scaffold_3
430 351 3 3:23121590 23121590 17 G T 0.212 0.2055683 0.0603378 3.039945 3.344557 0.0007631505 0.0008267351 0.001160324 scaffold_3
431 671 3 3:25879839 25879839 7 A T 0.064 -0.2847687 0.08867318 3.222082 3.644615 0.001490347 0.001533322 0.001951655 scaffold_3
432 550 3 3:28525094 28525094 7 C T 0.108 -0.2547159 0.07820691 3.470736 3.97246 0.001278905 0.001246402 0.001576688 scaffold_3
433 365 3 3:29506574 29506574 23 T C 0.094 -0.3048822 0.08943286 2.897264 3.32588 0.000757543 0.0008575589 0.001178773 scaffold_3
434 80 3 3:41741544 41741544 20 G A 0.053 -0.5032656 0.1269665 1.974798 2.200736 9.585062e-05 0.0002144019 0.0004758494 scaffold_3
437 22 3 3:97389375 97389375 16 T C 0.407 -0.2195273 0.05374013 3.787385 4.207843 5.906892e-05 5.41902e-05 9.21908e-05 scaffold_3
438 105 3 3:123967492 123967492 18 G C 0.153 0.2701822 0.07375948 4.01008 4.515394 0.000303108 0.0002776042 0.0004008876 scaffold_3
439 278 3 3:126649147 126649147 11 C T 0.045 -0.3616413 0.1058609 4.02604 4.609384 0.0007388355 0.0006798877 0.0009095784 scaffold_3
440 544 3 3:134895668 134895668 20 A C 0.093 0.2762348 0.0842857 3.20242 3.585069 0.001193416 0.001233974 0.001609137 scaffold_3
441 43 3 3:136416377 136416377 22 A G 0.402 -0.1835928 0.0471931 3.824892 4.316809 0.000127846 0.00011724 0.0001833677 scaffold_3
446 585 3 3:154780941 154780941 3 T C 0.396 0.1553223 0.04813098 3.777605 4.263356 0.001414298 0.001331867 0.001671197 scaffold_3
453 369 3 3:163786666 163786666 21 G A 0.072 -0.3484946 0.1000759 2.421868 2.71714 0.0005847789 0.0008638644 0.001378674 scaffold_3
454 557 3 3:165493163 165493163 19 G A 0.151 0.2220048 0.06833977 3.625103 4.103399 0.001315724 0.001254834 0.001582169 scaffold_3
458 423 3 3:170591291 170591291 21 C T 0.093 -0.2584805 0.0779263 4.641988 5.386346 0.001042438 0.0009686035 0.001350368 scaffold_3
461 991 3 3:173559639 173559639 19 A T 0.202 0.1807121 0.05832465 3.267474 3.642362 0.002163615 0.002214562 0.002759531 scaffold_3
466 146 3 3:178582731 178582731 25 C T 0.302 0.1879875 0.05276565 4.113996 4.661384 0.0004379754 0.0004010899 0.0005640188 scaffold_3
471 579 3 3:181803711 181803711 10 T C 0.344 0.16604 0.05129907 3.559398 3.969561 0.001369264 0.001323502 0.001668247 scaffold_3
472 127 3 3:183440000 183440000 25 A C 0.5 -0.1755127 0.04876611 3.750042 4.250431 0.000383606 0.0003575141 0.0005005006 scaffold_3
473 50 3 3:184270087 184270087 24 C T 0.21 -0.2312092 0.05987681 4.599983 5.322778 0.0001429681 0.0001304803 0.000215529 scaffold_3
479 132 3 3:191898131 191898131 15 T C 0.438 -0.171707 0.04777471 3.482275 3.948853 0.000390643 0.0003760507 0.000526304 scaffold_3
494 449 3 3:208122447 208122447 12 G A 0.165 0.2068192 0.06199158 3.099835 3.461469 0.0009756556 0.001035902 0.001394754 scaffold_3
497 176 3 3:209721716 209721716 16 A T 0.212 0.2230833 0.06316156 3.578259 4.018652 0.0004894691 0.0004666653 0.0006392852 scaffold_3
505 292 3 3:215296135 215296135 14 G A 0.354 0.1636513 0.04808643 4.375947 4.999129 0.0007730578 0.0007116896 0.0009770464 scaffold_3
511 762 3 3:218089312 218089312 15 T G 0.2 -0.1974785 0.06278187 3.994392 4.542045 0.001854843 0.001725755 0.002141723 scaffold_3
513 255 3 3:219557442 219557442 19 A C 0.237 -0.198284 0.05776506 4.179281 4.747205 0.000697421 0.0006411461 0.0008697965 scaffold_3
516 48 3 3:221788236 221788236 6 T C 0.456 -0.1796266 0.04645223 3.852913 4.353508 0.0001399611 0.0001282975 0.0001989024 scaffold_3
525 896 3 3:225846644 225846644 8 T C 0.207 0.1763389 0.05657942 3.376743 3.781104 0.002038523 0.002036117 0.00251498 scaffold_3
526 554 3 3:226005224 226005224 20 C A 0.319 0.1654383 0.05106881 3.978052 4.618628 0.001356367 0.001253428 0.001596434 scaffold_3
530 820 3 3:228853226 228853226 6 A G 0.157 -0.1890987 0.06055293 3.919299 4.467215 0.001997598 0.001864195 0.002293635 scaffold_3
568 719 4 4:10031744 10031744 18 A G 0.138 0.2425452 0.07631961 3.483891 3.909293 0.001665783 0.001628549 0.00202675 scaffold_4
575 71 4 4:12602840 12602840 21 T C 0.186 0.2253051 0.05956425 4.045673 4.601276 0.000193456 0.0001760267 0.0002666216 scaffold_4
587 993 4 4:23215099 23215099 11 A G 0.423 0.147452 0.04764239 3.295744 3.701684 0.002187704 0.002223627 0.00274575 scaffold_4
588 608 4 4:24107663 24107663 15 T C 0.407 0.155271 0.04836285 3.868405 4.367547 0.001494829 0.001399041 0.001752274 scaffold_4
595 66 4 4:44885422 44885422 19 T C 0.111 -0.3374047 0.08683814 2.622648 2.946366 0.0001302551 0.000165456 0.0002890182 scaffold_4
596 69 4 4:45043497 45043497 13 A C 0.098 -0.3287821 0.08481273 2.63097 2.946569 0.0001348224 0.0001706005 0.0002983021 scaffold_4
597 234 4 4:72093273 72093273 12 C T 0.384 0.1729063 0.0496251 3.190897 3.52701 0.0005807352 0.0005992492 0.0008379045 scaffold_4
598 118 4 4:78026161 78026161 23 T G 0.265 0.1839155 0.05691663 5.047432 1e+05 0.00139431 0.0003267197 0.001920887 scaffold_4
599 120 4 4:90415854 90415854 4 G A 0.091 -0.3254529 0.08769169 2.596808 2.91065 0.0002531469 0.0003296536 0.0005374171 scaffold_4
600 163 4 4:133845663 133845663 18 T C 0.199 0.2193383 0.06129405 3.067554 3.391598 0.0004135737 0.0004409723 0.0006442177 scaffold_4
601 705 4 4:143892322 143892322 16 G A 0.205 -0.1941292 0.06105145 3.542308 3.979673 0.001656177 0.001603606 0.001991989 scaffold_4
603 187 4 4:148396706 148396706 24 A < 0.384 -0.1841829 0.05236715 3.4846 4.015703 0.0005162423 0.0004963121 0.0006760216 scaffold_4
616 418 4 4:166041553 166041553 12 G A 0.155 0.1942578 0.05804657 3.261855 3.653668 0.0009414737 0.0009556069 0.001263806 scaffold_4
617 927 4 4:167670212 167670212 18 A C 0.121 -0.258021 0.08225205 3.018414 3.424225 0.001907472 0.002092153 0.002661285 scaffold_4
619 533 4 4:170813408 170813408 19 C G 0.414 0.1535944 0.04708006 3.600774 4.061331 0.001255496 0.001202827 0.001522602 scaffold_4
623 744 4 4:173630848 173630848 18 T C 0.314 -0.1662284 0.05187959 2.974971 3.363204 0.00152725 0.001695524 0.002217895 scaffold_4
628 210 4 4:177153803 177153803 12 T C 0.135 -0.293099 0.08278457 2.829383 3.233554 0.000474596 0.000549497 0.0008000345 scaffold_4
632 17 4 4:179642426 179642426 15 G A 0.052 -0.4863088 0.1113595 2.037366 2.280742 1.832839e-05 3.698773e-05 9.816659e-05 scaffold_4
637 169 4 4:183571540 183571540 22 A G 0.306 0.1757809 0.04915703 2.996537 3.310714 0.0004174368 0.0004549753 0.00067832 scaffold_4
639 677 4 4:185254349 185254349 16 A T 0.392 0.1591055 0.04981618 3.473992 3.888218 0.001580427 0.001548683 0.001936352 scaffold_4
647 150 4 4:195298991 195298991 15 G A 0.085 -0.2955275 0.08306746 3.95867 4.456664 0.0004460016 0.0004108161 0.0005707239 scaffold_4
648 63 4 4:196548371 196548371 12 A G 0.255 -0.2146957 0.05633001 4.264308 4.78412 0.0001733018 0.0001577808 0.0002448898 scaffold_4
650 696 4 4:202881699 202881699 9 G C 0.185 -0.1920201 0.05996104 3.213569 3.617832 0.001535957 0.001586183 0.002020413 scaffold_4
652 68 4 4:213946419 213946419 15 A G 0.267 0.2166133 0.05687002 3.445172 3.874371 0.0001749489 0.0001684497 0.0002555709 scaffold_4
653 485 4 4:215941628 215941628 15 T G 0.285 0.171603 0.05182695 3.156343 3.529088 0.001063771 0.001112122 0.001473373 scaffold_4
656 537 4 4:229326622 229326622 8 C A 0.273 -0.1884205 0.05796365 4.045291 4.581949 0.001306334 0.001211235 0.001546118 scaffold_4
658 165 4 4:230887472 230887472 7 C T 0.242 -0.1886935 0.05325087 3.569081 4.085609 0.0004695153 0.0004463061 0.0006127991 scaffold_4
660 36 4 4:233607526 233607526 7 G A 0.098 0.3028269 0.07694335 3.37712 3.772312 0.0001070404 0.000103925 0.0001670109 scaffold_4
662 839 4 4:234349033 234349033 19 T A 0.256 -0.1766866 0.05626009 3.314472 3.693625 0.001885207 0.001907999 0.002386988 scaffold_4
667 682 4 4:235807374 235807374 7 T C 0.12 0.227144 0.07030743 2.975524 3.311108 0.001397073 0.001553629 0.002080914 scaffold_4
687 517 4 4:240778063 240778063 11 C A 0.12 0.2386197 0.07234662 3.124259 3.484486 0.001111336 0.001174239 0.001557948 scaffold_4
708 337 5 5:4766934 4766934 14 G A 0.278 0.1879887 0.05574187 3.832935 4.320062 0.0008606761 0.0008024838 0.001048576 scaffold_5
711 21 5 5:5379876 5379876 6 T A 0.058 0.3701163 0.0904081 4.725589 5.434669 5.698958e-05 5.196516e-05 9.671292e-05 scaffold_5
716 25 5 5:6444455 6444455 5 G A 0.073 0.3439949 0.08658152 3.996945 4.536802 9.239065e-05 8.368182e-05 0.0001366176 scaffold_5
721 720 5 5:7583496 7583496 11 G A 0.429 0.1441203 0.04540165 3.525715 4.008106 0.00168622 0.001634102 0.002024398 scaffold_5
722 330 5 5:8463192 8463192 16 G A 0.481 -0.2002223 0.05940454 4.12124 4.685176 0.0008666715 0.0007976397 0.001059076 scaffold_5
723 92 5 5:9340724 9340724 5 A G 0.313 0.1783908 0.04819972 4.083648 4.647633 0.0002630532 0.0002397715 0.0003531889 scaffold_5
726 436 5 5:10944810 10944810 16 G T 0.346 0.1611193 0.04836133 3.296918 3.703788 0.0009914862 0.0009993641 0.001308283 scaffold_5
736 617 5 5:14531845 14531845 7 G A 0.17 0.1849278 0.05766603 3.839012 4.390019 0.001513252 0.001414019 0.001770441 scaffold_5
738 448 5 5:15463229 15463229 7 C G 0.208 0.1752864 0.05319472 4.136115 4.781247 0.001123162 0.001032169 0.001348565 scaffold_5
741 810 5 5:18562294 18562294 6 T G 0.339 0.144472 0.04606446 3.535745 4.028078 0.001911572 0.001849949 0.002270411 scaffold_5
742 64 5 5:19481265 19481265 24 T C 0.466 0.1781159 0.04678332 4.201212 4.837796 0.0001760668 0.0001593633 0.0002470519 scaffold_5
743 72 5 5:20900053 20900053 13 G A 0.367 -0.1813324 0.04765871 3.11337 3.514579 0.0001777186 0.000184373 0.0002855405 scaffold_5
746 573 5 5:26332536 26332536 18 T C 0.268 0.1727169 0.05415405 4.791505 1e+05 0.001604205 0.001299406 0.002073846 scaffold_5
747 816 5 5:28231067 28231067 6 G A 0.291 0.1679156 0.05377088 4.156322 4.697437 0.001998038 0.001856577 0.00231381 scaffold_5
748 28 5 5:29937207 29937207 6 G C 0.303 -0.2160773 0.0542323 3.107172 3.426335 8.837882e-05 9.164145e-05 0.0001558139 scaffold_5
749 504 5 5:31852039 31852039 16 A G 0.056 0.2712318 0.09425808 5.241116 1e+05 0.004347287 0.001158882 0.005977572 scaffold_5
750 763 5 5:35321484 35321484 10 T C 0.389 0.1496486 0.04697092 3.112818 3.460866 0.001622326 0.001727043 0.002241644 scaffold_5
751 192 5 5:42327831 42327831 19 A G 0.12 -0.252173 0.07151195 3.258517 3.655057 0.0004995165 0.000504849 0.000702225 scaffold_5
753 377 5 5:53203096 53203096 16 T C 0.4 -0.1791809 0.05313498 3.232718 3.622586 0.0008615845 0.0008811251 0.001174237 scaffold_5
754 434 5 5:55225498 55225498 12 G A 0.116 0.2353187 0.07118277 4.141194 4.730212 0.001083016 0.0009982528 0.001304409 scaffold_5
755 428 5 5:59842146 59842146 12 G A 0.147 -0.1988406 0.06001682 4.691681 5.515251 0.001056487 0.0009826137 0.001378818 scaffold_5
759 160 5 5:76247793 76247793 21 C T 0.286 -0.1827992 0.05146365 3.48883 3.986339 0.0004552611 0.0004372139 0.0006028883 scaffold_5
760 386 5 5:79747263 79747263 12 C A 0.459 -0.1574731 0.04678504 3.275737 3.661683 0.0008806296 0.0008916879 0.001183562 scaffold_5
761 79 5 5:87561849 87561849 16 A C 0.118 -0.283435 0.07470709 2.90457 3.267673 0.000185241 0.0002066803 0.0003279548 scaffold_5
762 44 5 5:100369148 100369148 10 T G 0.231 -0.2239938 0.05770078 4.007794 4.604305 0.0001320143 0.000119661 0.0001884193 scaffold_5
763 83 5 5:138839782 138839782 19 A G 0.25 -0.2065966 0.05548848 3.686698 4.15828 0.0002420895 0.0002261143 0.000330523 scaffold_5
764 412 5 5:144753148 144753148 6 G T 0.062 -0.2843569 0.08565288 4.226084 4.884667 0.00103216 0.0009476171 0.001256046 scaffold_5
765 241 5 5:152480318 152480318 7 A C 0.436 0.1593512 0.04677164 4.238916 1e+05 0.0007630254 0.0006140681 0.0009500637 scaffold_5
766 158 5 5:155068112 155068112 23 G C 0.184 0.2041504 0.05698992 3.056853 3.378866 0.0004079473 0.0004357304 0.0006423555 scaffold_5
768 590 5 5:163160095 163160095 8 G A 0.249 -0.1647567 0.05118394 4.060727 4.661668 0.001453534 0.001344272 0.001708313 scaffold_5
772 967 5 5:168705865 168705865 5 C T 0.319 0.159162 0.05171306 3.834163 4.372395 0.002313002 0.002172109 0.002636323 scaffold_5
773 501 5 5:170200086 170200086 20 T C 0.074 0.2750436 0.08417169 3.811419 4.353982 0.001233407 0.001152972 0.00146473 scaffold_5
779 477 5 5:175699492 175699492 23 A G 0.297 -0.1712261 0.05222972 4.495315 5.287025 0.001189513 0.0010976 0.001482801 scaffold_5
781 688 5 5:178784282 178784282 8 A G 0.018 -0.5281907 0.1650475 3.313341 3.68719 0.001547172 0.001564086 0.001985346 scaffold_5
782 887 5 5:180931380 180931380 23 A G 0.415 -0.142785 0.04612797 4.403319 5.143367 0.002184619 0.002020525 0.002585898 scaffold_5
783 167 5 5:181888589 181888589 20 T C 0.224 -0.2059516 0.05781185 3.183819 3.556989 0.0004383588 0.0004510133 0.0006411475 scaffold_5
786 866 5 5:185498423 185498423 16 G A 0.174 -0.1931983 0.06227093 4.084247 4.658236 0.002134534 0.001980197 0.002449887 scaffold_5
791 571 5 5:190261408 190261408 22 G C 0.16 0.1937127 0.05989027 4.760146 5.588506 0.001379643 0.001292308 0.001794627 scaffold_5
794 291 5 5:194023304 194023304 6 T G 0.287 -0.1686124 0.0494262 3.680716 4.220354 0.0007513651 0.0007073216 0.0009327647 scaffold_5
795 84 5 5:194866062 194866062 16 A C 0.131 -0.2514045 0.0676576 4.153983 4.691749 0.0002489079 0.0002270415 0.0003372656 scaffold_5
797 286 5 5:198000705 198000705 7 A G 0.202 0.2083676 0.06109313 3.905946 4.358427 0.0007533235 0.0007009569 0.0009269702 scaffold_5
798 392 5 5:199081326 199081326 21 A G 0.104 -0.214946 0.07454064 4.84419 1e+05 0.004267088 0.0009051814 0.005316798 scaffold_5
801 181 5 5:201658836 201658836 16 A C 0.429 -0.1616078 0.04600485 4.259947 4.847403 0.0005242782 0.0004804686 0.0006732908 scaffold_5
803 594 5 5:203679008 203679008 23 A G 0.094 -0.2596948 0.08016137 3.386638 3.764818 0.001355763 0.00134819 0.001719082 scaffold_5
806 103 5 5:204985499 204985499 15 A C 0.041 0.4022971 0.1096043 4.495637 5.160691 0.0002948578 0.0002698077 0.0004096634 scaffold_5
807 224 5 5:205361083 205361083 23 T C 0.303 -0.185047 0.05341166 3.901975 4.501768 0.0006229077 0.0005751007 0.00077604 scaffold_5
813 164 5 5:207184446 207184446 23 T C 0.205 -0.2051768 0.05988595 4.729195 1e+05 0.0007134837 0.0004461468 0.000961749 scaffold_5
814 726 5 5:207508901 207508901 17 A < 0.448 -0.1605788 0.05081543 3.879539 4.43087 0.001767884 0.001650043 0.002045345 scaffold_5
816 888 5 5:208034089 208034089 14 A T 0.276 -0.1684056 0.05352825 3.022427 3.450713 0.001850964 0.002020571 0.002571236 scaffold_5
819 306 5 5:209307397 209307397 22 C A 0.247 -0.1937228 0.05699415 3.622171 4.0504 0.0007847141 0.0007479498 0.0009834693 scaffold_5
824 759 5 5:210929796 210929796 16 A C 0.475 -0.1548265 0.04923869 4.122347 4.77936 0.001861333 0.00171972 0.002159769 scaffold_5
830 476 5 5:212594216 212594216 8 T G 0.052 0.3124632 0.09532578 4.103862 4.7176 0.001191459 0.001097502 0.001421888 scaffold_5
837 801 5 5:214163087 214163087 9 C T 0.208 -0.1786297 0.05641439 3.138211 3.449159 0.001731215 0.001833381 0.002395213 scaffold_5
841 482 5 5:215102214 215102214 5 G T 0.26 -0.1720873 0.05251614 4.000442 4.530631 0.001195514 0.001108343 0.001421237 scaffold_5
845 393 5 5:216752605 216752605 18 A G 0.245 0.1781082 0.05336495 3.839849 4.339733 0.0009712875 0.0009064092 0.001173175 scaffold_5
848 496 6 6:3191686 3191686 9 C T 0.294 0.1588951 0.0485928 3.826728 4.419293 0.001223904 0.001140736 0.001452427 scaffold_6
852 713 6 6:18990004 18990004 11 C A 0.492 -0.1502797 0.04751541 4.270958 4.906356 0.001752095 0.001620152 0.002066936 scaffold_6
859 332 6 6:76655278 76655278 12 G A 0.451 0.1573158 0.04667684 4.476397 5.187042 0.0008671801 0.0007999612 0.001101888 scaffold_6
860 780 6 6:78978873 78978873 10 A C 0.174 0.189361 0.06695199 5.038997 1e+05 0.005051131 0.001767961 0.00652264 scaffold_6
861 81 6 6:84000890 84000890 19 T A 0.179 -0.2470582 0.06433989 2.432475 2.680334 0.0001553454 0.0002242802 0.0004233513 scaffold_6
867 39 6 6:92651186 92651186 18 G A 0.092 -0.3666783 0.09147944 2.540348 2.819699 8.033595e-05 0.0001069402 0.0002028728 scaffold_6
878 840 6 6:104151482 104151482 13 G A 0.051 0.3164762 0.1010476 3.459699 3.859053 0.001939037 0.001909384 0.002356397 scaffold_6
880 313 6 6:107537552 107537552 12 C T 0.402 -0.1607632 0.04724939 3.395566 3.804222 0.0007753169 0.0007646271 0.001014869 scaffold_6
881 919 6 6:108293944 108293944 9 A C 0.347 0.1478848 0.04789918 4.257356 4.898136 0.002242018 0.002076158 0.002601215 scaffold_6
886 257 6 6:112317042 112317042 14 A G 0.109 0.2512812 0.07284907 3.425855 3.825757 0.0006573848 0.0006440047 0.0008661615 scaffold_6
893 119 6 6:120686736 120686736 18 T A 0.259 0.195827 0.05370869 3.221377 3.562848 0.0003227026 0.0003285223 0.0004813656 scaffold_6
903 148 6 6:141059606 141059606 11 C T 0.195 -0.2041621 0.05683871 3.192404 3.599856 0.0003937141 0.0004027932 0.0005745313 scaffold_6
904 735 6 6:142391421 142391421 10 T C 0.136 -0.2143941 0.06690091 3.021239 3.325176 0.001524532 0.001672786 0.002244583 scaffold_6
905 484 6 6:144737674 144737674 21 T A 0.04 0.3786962 0.1151674 3.5315 3.967909 0.001150122 0.001111937 0.001420159 scaffold_6
906 397 6 6:145523994 145523994 14 T A 0.307 0.1739351 0.05220081 4.110745 4.666146 0.0009898992 0.0009132798 0.001197637 scaffold_6
909 878 6 6:148079853 148079853 18 C T 0.247 -0.1536373 0.04951811 3.870752 4.405757 0.002133808 0.001997131 0.002440609 scaffold_6
915 884 6 6:151770167 151770167 20 A G 0.361 -0.1680978 0.05334869 2.992881 3.380489 0.001821823 0.002012719 0.002599598 scaffold_6
916 640 6 6:152254337 152254337 18 A G 0.109 0.2373764 0.07431627 4.10528 4.735438 0.001578918 0.001457561 0.001849327 scaffold_6
917 429 6 6:153292357 153292357 6 A G 0.088 0.2542618 0.07669945 3.80681 4.271664 0.001049418 0.0009843905 0.001264388 scaffold_6
919 212 6 6:154069508 154069508 18 T G 0.192 -0.1940786 0.05867965 5.094996 1e+05 0.001077144 0.0005514969 0.001539161 scaffold_6
921 199 6 6:155447747 155447747 8 T G 0.259 0.1858721 0.05284609 3.268745 3.690348 0.0005160773 0.0005195733 0.0007180956 scaffold_6
922 33 6 6:155704273 155704273 3 T C 0.252 -0.2027573 0.05157278 4.865475 5.62081 0.0001088323 0.0001008119 0.0001779145 scaffold_6
925 583 6 6:157123051 157123051 13 T C 0.318 -0.1567732 0.04831808 3.359306 3.806627 0.001333317 0.001327463 0.001685797 scaffold_6
926 1 6 6:157459755 157459755 2 A G 0.104 0.3839805 0.06894594 3.703979 4.13884 6.480422e-08 5.601495e-08 2.782695e-07 scaffold_6
927 174 6 6:158465255 158465255 16 G A 0.251 -0.1910402 0.05178094 2.255024 2.462629 0.0002747844 0.0004615359 0.0009657056 scaffold_6
929 634 6 6:159038995 159038995 19 A G 0.153 0.2057328 0.06431419 4.273814 4.888108 0.001554219 0.001436037 0.001848546 scaffold_6
933 891 6 6:160197472 160197472 12 C A 0.173 0.1855354 0.05910182 3.093668 3.430893 0.001893157 0.002030562 0.002626192 scaffold_6
934 218 6 6:160358187 160358187 16 T A 0.417 -0.1598947 0.04594527 5.016616 5.805693 0.0005893614 0.0005612643 0.0008669563 scaffold_6
935 121 6 6:161414720 161414720 21 A G 0.199 -0.2204328 0.06096227 4.011507 4.571886 0.0003606796 0.0003299706 0.0004698068 scaffold_6
936 20 6 6:161616807 161616807 13 A C 0.363 -0.2132957 0.05165357 3.556468 3.993599 4.933551e-05 4.615805e-05 8.025361e-05 scaffold_6
941 905 6 6:162762197 162762197 22 C T 0.328 -0.139586 0.05163275 5.013614 1e+05 0.007324077 0.00204741 0.009186802 scaffold_6
946 558 6 6:164187675 164187675 11 G A 0.404 0.1438144 0.04414066 3.417682 3.836435 0.001273964 0.00125536 0.001599792 scaffold_6
952 406 6 6:165729133 165729133 18 T A 0.264 -0.1703932 0.05120805 3.940503 4.494434 0.00100558 0.000930502 0.001207702 scaffold_6
963 535 7 7:1369981 1369981 8 C A 0.133 0.2105166 0.06466256 3.724273 4.308049 0.001284675 0.001205372 0.001524722 scaffold_7
970 769 7 7:2966974 2966974 5 G A 0.196 -0.175323 0.05499506 3.044372 3.46125 0.001611616 0.001743996 0.002245421 scaffold_7
995 329 7 7:10076683 10076683 12 A G 0.192 0.1874876 0.05537646 3.484384 3.945029 0.0008220155 0.0007957169 0.001044559 scaffold_7
1001 613 7 7:13409390 13409390 17 T G 0.41 -0.1454319 0.04537835 4.482736 5.187298 0.001523402 0.001411133 0.001867259 scaffold_7
1002 437 7 7:15167132 15167132 15 T G 0.136 0.2213082 0.0670021 4.092299 4.70032 0.00109356 0.001007725 0.001312282 scaffold_7
1005 551 7 7:19229057 19229057 4 T G 0.065 0.3021253 0.09308596 3.774685 4.285766 0.00132859 0.001247777 0.001573819 scaffold_7
1007 6 7 7:23773593 23773593 16 T C 0.32 0.2027508 0.0470065 3.376868 3.810123 2.301685e-05 2.198098e-05 4.216774e-05 scaffold_7
1009 221 7 7:41200413 41200413 12 T C 0.21 0.214653 0.06112278 3.021807 3.366338 0.0005261815 0.0005697686 0.0008155983 scaffold_7
1010 109 7 7:85664689 85664689 11 A G 0.033 0.4856385 0.1319188 3.096659 3.444751 0.0002831508 0.0002977732 0.000445442 scaffold_7
1016 433 7 7:114593482 114593482 21 A C 0.375 0.1673459 0.05049937 3.691021 4.144255 0.001053811 0.0009979099 0.001280084 scaffold_7
1017 309 7 7:117715160 117715160 16 G T 0.492 -0.1632006 0.04761969 3.095819 3.437674 0.0007108767 0.0007543385 0.001046798 scaffold_7
1021 784 7 7:126249046 126249046 21 A G 0.061 -0.291524 0.092924 3.917465 4.432674 0.00190575 0.00177851 0.002193802 scaffold_7
1025 122 7 7:130275842 130275842 7 C T 0.444 -0.1640199 0.0454469 4.141709 4.669332 0.0003698487 0.000338301 0.0004838081 scaffold_7
1029 293 7 7:132759704 132759704 17 T C 0.287 0.1754668 0.05081498 2.99111 3.320054 0.0006488025 0.0007118428 0.0010117 scaffold_7
1032 404 7 7:137315207 137315207 17 C T 0.183 -0.1988451 0.058296 2.735889 3.020637 0.0007525293 0.0009216015 0.001384435 scaffold_7
1033 615 7 7:139661197 139661197 17 A G 0.033 0.4033619 0.1253785 3.5635 3.987491 0.001462124 0.001412902 0.001770752 scaffold_7
1037 960 7 7:143785505 143785505 12 G A 0.276 0.158902 0.0514223 3.527548 3.955155 0.002222333 0.002164839 0.002635137 scaffold_7
1038 802 7 7:144526690 144526690 24 C T 0.27 -0.1569103 0.05022085 4.29662 4.988396 0.001987565 0.001834121 0.002333914 scaffold_7
1040 29 7 7:146533767 146533767 21 A C 0.064 0.3631318 0.09162882 3.416958 3.821964 9.611329e-05 9.251411e-05 0.0001500055 scaffold_7
1041 42 7 7:148298913 148298913 16 T C 0.249 -0.2106165 0.05376546 3.260343 3.627049 0.0001150372 0.0001146313 0.0001849333 scaffold_7
1042 78 7 7:148360447 148360447 10 A G 0.283 -0.1872712 0.04979378 3.394725 3.809365 0.0002100005 0.0002042504 0.0003053942 scaffold_7
1047 135 7 7:154315378 154315378 20 G A 0.226 0.2013721 0.05631202 4.028893 4.672737 0.000417285 0.0003810892 0.0005372873 scaffold_7
1048 228 7 7:155627519 155627519 10 T G 0.374 0.198795 0.05748215 4.017227 4.556775 0.0006366808 0.0005868466 0.0007930665 scaffold_7
1059 252 7 7:161991764 161991764 12 G A 0.135 -0.2301348 0.06690298 3.893785 4.341741 0.0006798521 0.0006319617 0.0008427507 scaffold_7
1070 462 7 7:166892806 166892806 8 G A 0.44 0.1599028 0.04817921 3.182471 3.571533 0.00103556 0.001074893 0.001416486 scaffold_7
1073 464 7 7:168044258 168044258 24 T G 0.397 -0.1814436 0.05419235 2.875899 3.210061 0.0009364266 0.001077175 0.00150654 scaffold_7
1095 238 7 7:175688147 175688147 18 C G 0.416 0.1602532 0.04616683 3.303251 3.679955 0.0006084067 0.0006103908 0.0008349064 scaffold_7
1108 957 8 8:4173726 4173726 17 A C 0.05 0.3375287 0.1083998 3.196066 3.545741 0.002058062 0.002149675 0.002708263 scaffold_8
1120 371 8 8:8278495 8278495 23 C G 0.079 -0.3176325 0.09344195 2.965475 3.351803 0.0007840158 0.0008679412 0.001192918 scaffold_8
1134 598 8 8:13786857 13786857 24 T G 0.161 0.1867888 0.06238667 4.936269 1e+05 0.003023621 0.001360401 0.00389976 scaffold_8
1139 18 8 8:17424495 17424495 12 A T 0.218 0.2222921 0.05337533 3.27014 3.655399 4.26966e-05 4.202832e-05 7.545614e-05 scaffold_8
1140 55 8 8:17892022 17892022 15 C T 0.492 -0.1788102 0.04659422 3.757539 4.27924 0.0001567192 0.0001445906 0.0002211179 scaffold_8
1141 667 8 8:18219863 18219863 10 C G 0.217 0.1885798 0.05904424 3.555808 4.047286 0.001580315 0.001523925 0.0018956 scaffold_8
1149 989 8 8:25350353 25350353 21 A G 0.415 0.1430974 0.04572039 2.932849 3.273364 0.001952518 0.002212811 0.00291193 scaffold_8
1151 307 8 8:63599699 63599699 11 C A 0.305 0.1712509 0.05022646 3.340497 3.767977 0.0007561802 0.0007521145 0.00100186 scaffold_8
1154 140 8 8:87055706 87055706 14 A G 0.193 -0.2230441 0.06246911 3.899187 4.418504 0.0004257711 0.0003930984 0.0005473225 scaffold_8
1155 336 8 8:96540510 96540510 11 A G 0.217 0.1841026 0.05460791 3.908587 4.416425 0.0008640662 0.0008024705 0.001051004 scaffold_8
1159 34 8 8:110046650 110046650 22 T G 0.045 -0.5910004 0.1433929 2.062971 2.33808 5.09289e-05 0.0001012359 0.0002192923 scaffold_8
1160 529 8 8:111332079 111332079 14 T C 0.08 -0.3525057 0.1022907 2.197593 2.461208 0.0006649158 0.001193488 0.002028597 scaffold_8
1162 159 8 8:118305472 118305472 20 G A 0.222 -0.1556407 0.05352357 5.170771 1e+05 0.00395925 0.0004363022 0.005334695 scaffold_8
1166 41 8 8:127493866 127493866 20 C T 0.156 -0.2236668 0.06418666 5.186894 1e+05 0.0005799476 0.0001126575 0.0008864483 scaffold_8
1167 198 8 8:130383525 130383525 5 C G 0.115 -0.2624503 0.07396156 2.913241 3.253949 0.0004611275 0.000518507 0.00076114 scaffold_8
1169 382 8 8:139128033 139128033 23 A G 0.342 -0.1703698 0.0502163 2.969083 3.31002 0.0008021082 0.0008883934 0.001239404 scaffold_8
1174 542 8 8:147041695 147041695 24 A G 0.288 0.1700204 0.05184961 3.197273 3.603596 0.001186364 0.00122663 0.001594482 scaffold_8
1176 327 8 8:149425553 149425553 16 A G 0.257 0.1830799 0.05384814 3.266394 3.65584 0.000782153 0.0007927566 0.001062302 scaffold_8
1177 283 8 8:150408494 150408494 21 T C 0.091 0.2516729 0.07283631 3.051881 3.366869 0.0006436133 0.0006914862 0.000988173 scaffold_8
1178 26 8 8:151145817 151145817 7 G C 0.306 -0.2274319 0.05595916 2.451148 2.69604 6.421976e-05 9.054382e-05 0.0001866937 scaffold_8
1184 597 8 8:159042022 159042022 23 G A 0.353 0.1589471 0.04882401 3.118016 3.506761 0.001285132 0.001359496 0.001776012 scaffold_8
1186 647 8 8:159967725 159967725 6 A G 0.084 -0.3005434 0.09320097 3.153247 3.656159 0.001425708 0.001487513 0.001887273 scaffold_8
1191 209 8 8:163939511 163939511 18 T G 0.343 0.1684237 0.04805163 3.231746 3.624182 0.00053912 0.0005483012 0.0007606248 scaffold_8
1192 115 8 8:164125291 164125291 23 C T 0.175 -0.2258699 0.06208768 3.488369 4.060081 0.0003325933 0.0003173322 0.0004496031 scaffold_8
1197 648 8 8:165540084 165540084 6 A T 0.408 -0.1574631 0.04938743 3.983941 4.621648 0.001609758 0.001490695 0.00187429 scaffold_8
1198 289 8 8:165627995 165627995 17 G A 0.406 -0.1691455 0.04948254 3.550715 3.980438 0.0007334209 0.0007045201 0.0009329525 scaffold_8
1199 530 8 8:166218393 166218393 20 T C 0.181 -0.1996499 0.06129492 3.871152 4.375931 0.001277813 0.001193533 0.001513186 scaffold_8
1217 923 8 8:171157546 171157546 4 T G 0.318 -0.1595889 0.05126186 3.312796 3.697327 0.002061616 0.002089346 0.002594389 scaffold_8
1238 450 9 9:1025407 1025407 20 T A 0.365 0.1609445 0.04862184 3.448446 3.87831 0.001067229 0.001044135 0.001345772 scaffold_9
1242 111 9 9:2712281 2712281 9 A C 0.109 0.2869304 0.0778013 2.973628 3.28857 0.0002762265 0.0003025713 0.0004658989 scaffold_9
1266 230 9 9:12028085 12028085 19 T C 0.132 -0.2449154 0.07065724 3.528204 4.007074 0.0006191553 0.0005940286 0.0007970614 scaffold_9
1271 776 9 9:14837610 14837610 13 C G 0.252 0.1673 0.05329573 4.045798 4.640149 0.001894161 0.001756248 0.00218675 scaffold_9
1290 842 9 9:32095905 32095905 9 G A 0.462 -0.1515518 0.04816333 3.213474 3.574032 0.001847825 0.001915771 0.002429212 scaffold_9
1291 202 9 9:63151309 63151309 4 A C 0.109 -0.2926773 0.08308781 3.120093 3.51474 0.0005063932 0.0005305038 0.0007446227 scaffold_9
1292 73 9 9:90219515 90219515 11 C T 0.315 0.1944574 0.05147823 3.47555 3.93628 0.000197234 0.0001887855 0.0002823258 scaffold_9
1295 142 9 9:102206330 102206330 13 G A 0.051 -0.3777232 0.1053648 3.376947 3.901525 0.0004039672 0.0003950134 0.0005509597 scaffold_9
1298 489 9 9:109632230 109632230 13 T G 0.033 0.4221106 0.1278893 3.278826 3.641346 0.0011026 0.001120529 0.001464414 scaffold_9
1303 478 9 9:121139547 121139547 12 A C 0.02 -0.4907592 0.1493006 3.662092 4.105891 0.001154719 0.001098659 0.001399398 scaffold_9
1308 844 9 9:130760355 130760355 18 T C 0.45 -0.1562412 0.04921312 2.90845 3.255407 0.001683721 0.001923393 0.002551559 scaffold_9
1310 178 9 9:134268854 134268854 14 C T 0.284 0.1943682 0.05507633 3.62569 4.061339 0.0004945703 0.0004689099 0.0006414376 scaffold_9
1327 492 9 9:143799185 143799185 20 C T 0.154 0.1977774 0.06037283 3.771733 4.28696 0.001199222 0.001125716 0.001431087 scaffold_9
1328 131 9 9:144152862 144152862 22 C G 0.121 0.2532444 0.07036642 3.397677 3.787727 0.0003837922 0.0003759662 0.0005316082 scaffold_9
1334 832 9 9:147038690 147038690 11 T G 0.242 -0.1785442 0.05614775 2.905714 3.252301 0.001655433 0.00189213 0.002519852 scaffold_9
1335 474 9 9:147546184 147546184 18 G A 0.395 -0.1601892 0.04866736 3.553931 4.007695 0.00113731 0.001095556 0.001398714 scaffold_9
1336 2 9 9:147912119 147912119 16 T G 0.16 0.2677964 0.05977307 4.093982 4.632406 1.12652e-05 9.984992e-06 2.126166e-05 scaffold_9
1337 961 9 9:148437478 148437478 19 T G 0.019 -0.4597121 0.1493161 4.81419 5.718504 0.00230558 0.002165557 0.002960494 scaffold_9
1372 619 10 10:1635719 1635719 14 A G 0.144 -0.2084252 0.06497298 3.783205 4.236987 0.001508215 0.00142281 0.00177617 scaffold_10
1373 746 10 10:2045600 2045600 6 A G 0.125 0.2224662 0.07050616 3.755908 4.230419 0.001795912 0.001698124 0.00209256 scaffold_10
1384 899 10 10:4696549 4696549 9 T C 0.387 0.1381298 0.04447453 3.53002 4.107778 0.002111895 0.002036817 0.002478891 scaffold_10
1403 642 10 10:10735663 10735663 11 T G 0.144 -0.2113466 0.06593162 3.612628 4.056991 0.001520008 0.001458028 0.00181945 scaffold_10
1411 236 10 10:62264398 62264398 25 C T 0.172 0.222242 0.06445084 4.212889 4.814868 0.000659945 0.0006054796 0.0008288026 scaffold_10
1412 716 10 10:72594407 72594407 4 T C 0.488 0.2660065 0.08388483 3.635337 4.151939 0.001704465 0.001625672 0.00200969 scaffold_10
1414 947 10 10:81972536 81972536 16 T C 0.442 0.1504895 0.04885266 4.457578 5.214871 0.002292987 0.002127668 0.002725374 scaffold_10
1415 913 10 10:85207525 85207525 20 G T 0.297 -0.1548737 0.05012635 4.077119 4.597957 0.002225725 0.002071681 0.002548006 scaffold_10
1416 37 10 10:91370386 91370386 13 C T 0.197 0.2213706 0.05614093 3.214511 3.571529 0.0001039698 0.000104702 0.0001715826 scaffold_10
1417 922 10 10:97915314 97915314 16 T C 0.027 0.5149488 0.1628824 2.827821 3.111661 0.001759528 0.002089159 0.002867196 scaffold_10
1418 836 10 10:98283259 98283259 18 A G 0.123 0.2362091 0.0751375 3.283393 3.671344 0.001865729 0.00190241 0.002380172 scaffold_10
1419 171 10 10:108838765 108838765 9 A G 0.212 0.2252279 0.06376757 3.793201 4.259294 0.0004893546 0.0004565142 0.0006252284 scaffold_10
1420 123 10 10:114547378 114547378 12 C T 0.337 0.1691106 0.04649172 3.204518 3.599532 0.0003331874 0.0003396624 0.0004921841 scaffold_10
1422 356 10 10:120560264 120560264 9 T A 0.147 0.2278286 0.06766093 3.6196 4.092195 0.0008765876 0.0008347255 0.001086774 scaffold_10
1423 631 10 10:123392135 123392135 10 G A 0.31 -0.1686717 0.05268945 3.89465 4.517724 0.00154198 0.001434139 0.00179998 scaffold_10
1424 9 10 10:125558429 125558429 14 T A 0.5 0.2006162 0.04640045 2.603863 2.877288 2.203475e-05 2.780883e-05 6.153048e-05 scaffold_10
1425 166 10 10:127598438 127598438 24 T C 0.086 0.3063622 0.08617779 3.322902 3.71229 0.0004503505 0.0004486501 0.0006275528 scaffold_10
1434 128 10 10:134675016 134675016 20 A C 0.382 -0.1931698 0.05562873 5.477193 1e+05 0.0006055844 0.0003575444 0.001002229 scaffold_10
1442 635 10 10:139281475 139281475 20 T G 0.338 0.1564263 0.04890271 4.219916 4.823168 0.001554974 0.001436786 0.001839215 scaffold_10
1443 793 10 10:139400859 139400859 2 C T 0.151 0.2041411 0.06486145 3.428897 3.86092 0.001843462 0.001818878 0.002251574 scaffold_10
1450 240 10 10:142220341 142220341 4 G A 0.113 -0.2420258 0.06975146 3.319182 3.700303 0.0006113185 0.0006112754 0.000834021 scaffold_10
1452 157 10 10:142682416 142682416 5 T C 0.089 -0.2978234 0.08415578 4.271954 4.919414 0.0004772576 0.0004353909 0.0006184927 scaffold_10
1458 251 10 10:144954415 144954415 24 < C 0.333 -0.1826079 0.05313443 4.217898 4.760027 0.000687362 0.0006318226 0.0008610085 scaffold_10
