15 561 1 1:5522498 5522498 14 T C 0.276 0.08732543 0.02656391 1.119023 1.165203 0.001154642 0.001127734 0.001458373 scaffold_1
17 292 1 1:6538350 6538350 9 C A 0.356 0.09596484 0.02734488 1.102025 1.155678 0.0005314231 0.0005198099 0.0007175015 scaffold_1
30 791 1 1:12614064 12614064 13 G A 0.488 -0.07619928 0.02356772 0.9553379 1.002754 0.001386799 0.001594645 0.00220836 scaffold_1
35 655 1 1:14788994 14788994 9 A G 0.057 0.1710952 0.0527819 1.117154 1.163793 0.001348413 0.001320539 0.001686584 scaffold_1
37 950 1 1:16042870 16042870 12 A G 0.043 0.1694983 0.05437153 1.337708 1.410926 0.002035247 0.001936297 0.002434706 scaffold_1
39 669 1 1:17406846 17406846 19 C T 0.032 0.2007391 0.06228529 1.249442 1.321782 0.001435615 0.001349428 0.001701803 scaffold_1
40 889 1 1:18771875 18771875 8 A G 0.2 0.09400964 0.02980929 1.470921 1.551294 0.001806815 0.001806476 0.002443691 scaffold_1
42 606 1 1:20210089 20210089 9 T C 0.248 0.09109732 0.02776306 1.029343 1.072665 0.00117897 0.001234814 0.001659646 scaffold_1
43 401 1 1:21733251 21733251 15 C A 0.265 -0.09415678 0.02756671 1.055487 1.098543 0.0007412368 0.0007541422 0.001035592 scaffold_1
44 66 1 1:22257483 22257483 18 T G 0.403 0.1022929 0.02564976 0.9952962 1.037822 8.724452e-05 9.239315e-05 0.0001603393 scaffold_1
47 551 1 1:25161831 25161831 13 A G 0.275 -0.09481893 0.02878137 1.118028 1.165893 0.001127106 0.001101267 0.001424628 scaffold_1
49 520 1 1:26680474 26680474 8 C T 0.395 -0.07968992 0.02373982 0.9631735 1.004101 0.0009097812 0.001030223 0.001483951 scaffold_1
54 101 1 1:29684973 29684973 8 C A 0.18 0.1243038 0.03206775 0.973811 1.013258 0.0001352169 0.0001478052 0.0002525129 scaffold_1
56 985 1 1:32091629 32091629 5 A G 0.31 -0.07747607 0.02487613 1.120019 1.168475 0.002054841 0.002016416 0.002494737 scaffold_1
58 252 1 1:33292315 33292315 22 C T 0.333 0.09196776 0.02561859 1.031633 1.080903 0.0003972543 0.0004100501 0.000599421 scaffold_1
59 365 1 1:35240687 35240687 13 C G 0.469 0.07825586 0.02282677 1.235436 1.298718 0.0007090073 0.0006636748 0.0008832943 scaffold_1
60 72 1 1:35340057 35340057 4 T C 0.177 0.143157 0.03609231 1.032302 1.070424 9.50451e-05 9.680535e-05 0.000165297 scaffold_1
61 899 1 1:37720047 37720047 21 A G 0.049 0.1628847 0.05194919 1.183542 1.240969 0.001918489 0.001830849 0.002248927 scaffold_1
62 128 1 1:38851541 38851541 9 T G 0.203 0.1092695 0.02906882 1.194324 1.244849 0.0002118964 0.0001977487 0.0002938719 scaffold_1
64 212 1 1:42182518 42182518 20 C T 0.021 0.276082 0.07585694 1.476025 1.556718 0.0003311306 0.0003262885 0.0005117851 scaffold_1
66 160 1 1:44175420 44175420 17 C T 0.25 0.1106511 0.02978133 1.093219 1.146443 0.00024966 0.0002438376 0.0003618005 scaffold_1
69 287 1 1:48761380 48761380 8 A G 0.342 -0.08734867 0.02474705 1.035 1.084846 0.0004941657 0.0005096944 0.0007263768 scaffold_1
72 467 1 1:51750232 51750232 11 G C 0.43 -0.08041814 0.02356882 0.9203172 0.9603432 0.0007504999 0.0009077336 0.001386912 scaffold_1
78 303 1 1:63542002 63542002 11 A G 0.273 0.09204632 0.0263705 1.162482 1.223514 0.000568637 0.0005400965 0.0007318197 scaffold_1
79 23 1 1:65052697 65052697 22 T C 0.039 0.2513301 0.05780896 1.133086 1.181813 1.99604e-05 1.861036e-05 3.660398e-05 scaffold_1
81 919 1 1:69295292 69295292 9 T G 0.213 -0.09479716 0.02964463 0.9290642 0.9720853 0.00156128 0.001876433 0.002646725 scaffold_1
82 93 1 1:71145337 71145337 10 A G 0.357 -0.1081009 0.02616978 0.6409305 0.6705325 4.916801e-05 0.0001419338 0.0003981764 scaffold_1
83 302 1 1:72709765 72709765 15 T A 0.444 -0.08317854 0.02381917 1.153709 1.204531 0.0005654377 0.0005393032 0.000733296 scaffold_1
87 656 1 1:82199965 82199965 4 A T 0.072 -0.1710614 0.05181015 0.9283199 0.9571028 0.00109959 0.001320681 0.001953529 scaffold_1
88 533 1 1:84305711 84305711 14 T C 0.255 -0.0905142 0.0272976 1.049259 1.09739 0.001047675 0.001074551 0.001434502 scaffold_1
90 764 1 1:88330295 88330295 5 A G 0.148 -0.1171793 0.03573878 0.8902378 0.9277882 0.001188908 0.001531716 0.002307089 scaffold_1
91 68 1 1:91774563 91774563 8 A G 0.409 -0.09533914 0.02413915 1.157997 1.209015 0.0001015681 9.518331e-05 0.0001532291 scaffold_1
92 372 1 1:93942540 93942540 13 A G 0.43 0.09127898 0.02654118 1.081859 1.128296 0.0006823051 0.0006789038 0.0009266037 scaffold_1
93 116 1 1:99936375 99936375 7 T C 0.433 0.08816136 0.02306493 1.550806 1.627417 0.0001664908 0.0001704928 0.0003007312 scaffold_1
95 594 1 1:152184321 152184321 8 C T 0.144 -0.1146361 0.03516534 1.204116 1.256218 0.001267372 0.001200278 0.001520266 scaffold_1
96 205 1 1:160969173 160969173 13 T C 0.502 -0.08478563 0.02337003 1.281788 1.349874 0.000345519 0.0003210845 0.0004593234 scaffold_1
97 370 1 1:166732870 166732870 21 T A 0.355 -0.08689151 0.02536861 1.244182 1.295978 0.0007167582 0.0006715865 0.0008928803 scaffold_1
98 651 1 1:170865259 170865259 12 G A 0.224 -0.1010723 0.03102423 1.047296 1.093447 0.001276263 0.001314074 0.001737464 scaffold_1
99 542 1 1:173236217 173236217 20 C A 0.496 -0.08210708 0.02491801 1.391572 1.45481 0.001124669 0.001082379 0.00145346 scaffold_1
101 52 1 1:179620287 179620287 17 T G 0.195 0.1268536 0.03061725 0.8752582 0.9121856 4.673274e-05 5.970757e-05 0.0001254519 scaffold_1
102 708 1 1:179897611 179897611 7 A C 0.165 0.1292025 0.03976848 1.002828 1.037739 0.001315572 0.00142194 0.001950409 scaffold_1
107 121 1 1:187227396 187227396 15 G A 0.292 -0.1036636 0.02729491 1.043002 1.086767 0.0001827764 0.0001854278 0.0002903288 scaffold_1
108 301 1 1:189126006 189126006 6 T C 0.265 0.09620777 0.02754561 1.156397 1.207755 0.0005642531 0.0005377785 0.0007306832 scaffold_1
110 279 1 1:190730224 190730224 23 A G 0.147 0.1248412 0.03548628 1.228975 1.306164 0.0005153021 0.000480707 0.0006580532 scaffold_1
112 235 1 1:193206393 193206393 5 C A 0.172 0.1090069 0.0303285 1.138234 1.191087 0.0003910363 0.0003740871 0.0005267271 scaffold_1
114 562 1 1:195791935 195791935 13 C T 0.492 0.08087206 0.02454137 1.074635 1.120544 0.001123721 0.001129819 0.001485441 scaffold_1
115 931 1 1:196727211 196727211 6 A G 0.474 0.08123403 0.02602151 1.22454 1.284249 0.002006243 0.001900038 0.002327489 scaffold_1
117 782 1 1:198842023 198842023 9 C T 0.356 0.08739252 0.02713258 0.9946834 1.033963 0.00144504 0.001577792 0.002148626 scaffold_1
119 408 1 1:200656510 200656510 21 C T 0.397 0.08744624 0.02583448 1.237151 1.287948 0.000825314 0.0007750035 0.001017334 scaffold_1
125 525 1 1:208481378 208481378 17 T C 0.502 -0.08025187 0.02424601 1.119762 1.177724 0.001069174 0.001041712 0.001347435 scaffold_1
126 831 1 1:209354541 209354541 21 A C 0.053 0.1647211 0.05193748 1.095022 1.142149 0.001703526 0.001694325 0.002143279 scaffold_1
129 593 1 1:213267332 213267332 22 G A 0.427 0.07973652 0.0240115 0.9460657 0.9876848 0.001030097 0.001198288 0.001732479 scaffold_1
130 484 1 1:214291634 214291634 17 T G 0.032 0.2256523 0.06781783 1.223543 1.279594 0.001007126 0.0009480512 0.001223631 scaffold_1
131 628 1 1:214875736 214875736 14 A G 0.317 0.08584164 0.02632774 1.084452 1.131443 0.001264873 0.001263781 0.001639374 scaffold_1
138 244 1 1:224874525 224874525 9 A C 0.077 0.1505713 0.04216214 1.21692 1.273965 0.0004251549 0.0003973057 0.0005522284 scaffold_1
141 522 1 1:229770458 229770458 12 A G 0.169 0.1050545 0.03163543 1.486633 1.560681 0.001030015 0.001033279 0.001481434 scaffold_1
142 28 1 1:230436953 230436953 13 G A 0.07 0.1875998 0.04367129 1.257004 1.316323 2.484523e-05 2.253109e-05 4.29702e-05 scaffold_1
143 375 1 1:232932866 232932866 16 A G 0.061 -0.1760825 0.05081029 0.9681552 1.002904 0.0006215814 0.0006966227 0.001044155 scaffold_1
144 535 1 1:234372762 234372762 21 C A 0.199 0.09961123 0.02988627 0.9919855 1.040248 0.0009876443 0.001076003 0.001487569 scaffold_1
145 427 1 1:237239527 237239527 23 A T 0.207 0.1032679 0.03054102 1.121267 1.175585 0.0008356706 0.0008120079 0.001072542 scaffold_1
147 73 1 1:241115709 241115709 15 G A 0.056 0.2295627 0.05832224 1.409481 1.458323 0.0001070815 0.0001016105 0.0001715804 scaffold_1
148 935 1 1:244139378 244139378 11 G A 0.084 -0.1387764 0.04410778 1.050249 1.095933 0.001851371 0.001909461 0.002442188 scaffold_1
150 136 1 1:246525359 246525359 20 T C 0.353 0.09489893 0.02518707 1.05011 1.091627 0.0002049744 0.0002068322 0.000321599 scaffold_1
151 629 1 1:249379274 249379274 12 C A 0.175 0.1011024 0.0308431 1.016228 1.064249 0.001192198 0.001265215 0.001701963 scaffold_1
156 929 1 1:254719917 254719917 9 A G 0.498 -0.07053827 0.02258973 1.217829 1.275496 0.002001139 0.001896252 0.002322311 scaffold_1
162 806 1 1:261777026 261777026 1 T C 0.041 0.174742 0.05520745 1.209235 1.260256 0.00173961 0.001650538 0.002041192 scaffold_1
165 281 1 1:267017186 267017186 8 A C 0.154 -0.1103855 0.03116082 1.034317 1.077364 0.0004719007 0.0004871655 0.0007048927 scaffold_1
167 3 1 1:268813044 268813044 7 C T 0.054 0.2249232 0.04838763 0.993678 1.031811 5.390384e-06 5.560444e-06 1.405032e-05 scaffold_1
169 588 1 1:272412868 272412868 21 C G 0.047 0.1791413 0.05494159 1.260944 1.32101 0.001264547 0.001189262 0.001514719 scaffold_1
170 695 1 1:273936742 273936742 10 C T 0.337 0.08950833 0.02777092 1.411358 1.479295 0.001434664 0.001393717 0.00185423 scaffold_1
171 276 1 1:274052746 274052746 7 C A 0.107 -0.1426698 0.04044805 1.175036 1.231996 0.0004984993 0.0004710166 0.0006455269 scaffold_1
172 741 1 1:275846151 275846151 25 G A 0.039 0.1934956 0.06055541 1.22555 1.281977 0.001574007 0.001487003 0.001854123 scaffold_1
173 217 1 1:276375208 276375208 4 A G 0.187 -0.1058668 0.02922272 1.146262 1.194321 0.0003521965 0.0003355606 0.0004772486 scaffold_1
176 792 1 1:279489379 279489379 22 C G 0.277 -0.08515454 0.02674039 1.120585 1.175704 0.001631862 0.00159623 0.002000863 scaffold_1
189 290 1 1:289183531 289183531 23 T C 0.231 0.1110694 0.03153184 1.047888 1.089158 0.000507146 0.0005175713 0.0007383744 scaffold_1
190 477 1 1:289265847 289265847 18 G A 0.091 0.1577329 0.04666707 0.9743008 1.024573 0.0008395279 0.0009338967 0.001316062 scaffold_1
195 229 1 1:292601716 292601716 16 T A 0.362 0.08693116 0.02413708 1.236273 1.301779 0.0003806633 0.0003541756 0.0004984141 scaffold_1
201 910 1 1:295387403 295387403 15 C T 0.367 0.07668233 0.02446714 1.146831 1.205413 0.001927104 0.001863251 0.002294911 scaffold_1
207 808 1 1:298769160 298769160 10 C T 0.102 -0.1206588 0.03762178 0.9934399 1.03555 0.00151326 0.001654987 0.002235547 scaffold_1
208 247 1 1:299208070 299208070 13 G T 0.362 -0.08893482 0.02493366 1.21319 1.264555 0.0004319817 0.0004043404 0.000561013 scaffold_1
210 42 1 1:300725634 300725634 23 G A 0.011 0.5134922 0.1228796 1.015542 1.058256 4.038662e-05 4.143024e-05 7.908027e-05 scaffold_1
241 305 2 2:9017716 9017716 8 C T 0.119 -0.1294814 0.03629631 0.8908821 0.925147 0.0004312222 0.0005479683 0.0009108667 scaffold_2
245 462 2 2:10572201 10572201 7 T C 0.125 0.1230378 0.03671229 1.13761 1.199009 0.0009269202 0.0008933136 0.001164479 scaffold_2
247 583 2 2:11141385 11141385 17 A G 0.403 0.07839793 0.02399774 1.188855 1.243734 0.001237819 0.001175553 0.001492045 scaffold_2
249 213 2 2:11948795 11948795 1 C T 0.264 -0.1449242 0.03961261 1.003205 1.048063 0.0003086424 0.0003277359 0.0005023614 scaffold_2
254 545 2 2:14279052 14279052 6 C T 0.478 0.07661084 0.02327623 1.159289 1.208065 0.001138998 0.001091395 0.001399583 scaffold_2
269 960 2 2:22527532 22527532 8 A G 0.407 0.07488844 0.02386138 1.055912 1.099046 0.001899583 0.001950134 0.002495807 scaffold_2
272 137 2 2:25284628 25284628 18 C T 0.025 0.264574 0.07047614 1.114564 1.162152 0.0002158601 0.0002078988 0.0003124559 scaffold_2
277 441 2 2:29560092 29560092 12 A G 0.251 0.09864378 0.02865923 0.9036502 0.9460811 0.0006755735 0.0008412985 0.001284721 scaffold_2
278 772 2 2:32459907 32459907 9 T C 0.037 0.1854121 0.05819834 1.171065 1.220234 0.001624424 0.001555331 0.001937704 scaffold_2
281 170 2 2:36904084 36904084 7 A G 0.046 0.1928938 0.05218042 1.135044 1.188776 0.0002678336 0.0002555844 0.000373294 scaffold_2
285 206 2 2:44892509 44892509 17 T G 0.015 0.4126375 0.1137303 1.204384 1.257076 0.0003452045 0.0003228512 0.0004573622 scaffold_2
286 438 2 2:48762192 48762192 11 C T 0.287 0.09166321 0.02707975 1.058148 1.100871 0.0008251124 0.0008381574 0.001145035 scaffold_2
290 164 2 2:62731361 62731361 14 C T 0.4 0.08850486 0.0238642 1.090417 1.138046 0.0002560665 0.0002507888 0.0003729566 scaffold_2
291 118 2 2:84081271 84081271 11 T C 0.387 0.09615462 0.02501898 0.9294081 0.9697662 0.0001536127 0.0001797388 0.0003077921 scaffold_2
292 95 2 2:113228820 113228820 21 A G 0.212 0.1149409 0.02944316 0.9234526 0.9614535 0.0001214911 0.0001431876 0.0002587703 scaffold_2
294 97 2 2:141327988 141327988 22 C T 0.266 0.09834394 0.02559852 1.187152 1.239057 0.0001544934 0.0001439641 0.0002210513 scaffold_2
295 485 2 2:146685309 146685309 8 A G 0.067 0.1774221 0.05296422 1.053783 1.099178 0.0009319281 0.0009512032 0.001283214 scaffold_2
297 178 2 2:158128167 158128167 8 C A 0.202 0.1107143 0.0298742 1.015732 1.058772 0.0002586393 0.0002705021 0.0004174095 scaffold_2
298 389 2 2:166251572 166251572 15 A G 0.2 0.1065605 0.03123284 1.419587 1.478825 0.0007511519 0.000728247 0.001027157 scaffold_2
299 428 2 2:172197178 172197178 15 T C 0.092 0.1418211 0.04207394 1.302154 1.368315 0.0008668182 0.0008140782 0.001078683 scaffold_2
303 74 2 2:180087894 180087894 4 C T 0.277 0.0968217 0.02470132 1.195185 1.246477 0.0001141905 0.000105907 0.0001679016 scaffold_2
306 622 2 2:184216507 184216507 16 T C 0.232 0.09017263 0.0277177 1.135645 1.184071 0.001296249 0.001256267 0.001602027 scaffold_2
318 444 2 2:195136386 195136386 7 G T 0.141 0.106454 0.0316588 1.178315 1.227839 0.0008918833 0.0008472475 0.001105253 scaffold_2
319 250 2 2:195686093 195686093 11 A G 0.074 0.1613683 0.04528949 1.23591 1.295742 0.0004380058 0.0004085219 0.0005670993 scaffold_2
320 482 2 2:196982356 196982356 18 T C 0.08 0.1401514 0.04209013 1.187431 1.243945 0.0009986362 0.000946432 0.001221869 scaffold_2
325 553 2 2:205537601 205537601 16 C T 0.126 0.117779 0.03578952 1.1262 1.171403 0.001140924 0.001110262 0.001434305 scaffold_2
330 644 2 2:209241154 209241154 21 A G 0.1 -0.1245655 0.03842034 1.403256 1.468837 0.001345576 0.001302293 0.001737282 scaffold_2
342 200 2 2:217790406 217790406 19 A G 0.282 0.09448076 0.02588524 1.114545 1.166328 0.0003185639 0.0003077836 0.0004444582 scaffold_2
353 339 2 2:226985975 226985975 9 A G 0.28 0.0889177 0.02566925 1.15563 1.215185 0.0006249241 0.0005955925 0.0008011107 scaffold_2
364 886 2 2:233198559 233198559 11 A G 0.205 0.1022192 0.03242996 1.098068 1.155319 0.001816993 0.001803525 0.002249983 scaffold_2
383 99 3 3:2145021 2145021 6 C G 0.43 -0.08896876 0.02320477 1.305963 1.369824 0.000159143 0.0001472161 0.0002287288 scaffold_3
404 274 3 3:6966532 6966532 23 C T 0.043 0.1929556 0.05474483 1.240757 1.308576 0.0005031815 0.0004688778 0.0006438353 scaffold_3
416 847 3 3:11537235 11537235 22 T G 0.262 -0.08248869 0.02614269 1.373052 1.446939 0.001797178 0.001723713 0.00222165 scaffold_3
419 767 3 3:14000376 14000376 8 A G 0.081 0.1434185 0.04501152 1.199524 1.251464 0.001622292 0.001541188 0.00191592 scaffold_3
424 612 3 3:17841227 17841227 8 G T 0.235 -0.09445813 0.02861644 0.9673281 1.011814 0.001102831 0.001243962 0.001733061 scaffold_3
430 104 3 3:23309850 23309850 13 A T 0.012 0.3849635 0.1004832 1.367835 1.452736 0.0001609551 0.0001504144 0.000239671 scaffold_3
431 406 3 3:26080821 26080821 25 G C 0.252 0.1036374 0.0302653 1.006811 1.048902 0.0007189316 0.0007677132 0.001087242 scaffold_3
432 760 3 3:29482025 29482025 14 C T 0.207 0.09395402 0.02943919 1.361045 1.419773 0.001594497 0.001525303 0.001966967 scaffold_3
436 297 3 3:63696679 63696679 4 G C 0.07 -0.1558159 0.04459891 1.259679 1.313272 0.0005621502 0.0005253345 0.000714709 scaffold_3
440 44 3 3:132641441 132641441 7 T C 0.429 0.09229765 0.02233134 1.190125 1.244735 4.869979e-05 4.484361e-05 7.834517e-05 scaffold_3
441 390 3 3:139704050 139704050 5 G T 0.142 0.1137954 0.03312269 1.016821 1.061266 0.000690956 0.0007290537 0.001027558 scaffold_3
442 36 3 3:144112133 144112133 21 C T 0.263 0.1141538 0.02720498 1.250561 1.316845 3.761881e-05 3.423488e-05 6.196383e-05 scaffold_3
445 12 3 3:151334155 151334155 14 C G 0.18 -0.1315891 0.02949537 1.343298 1.406092 1.2263e-05 1.115081e-05 2.383475e-05 scaffold_3
446 89 3 3:153894925 153894925 9 C T 0.065 0.1693958 0.04389298 1.156187 1.20971 0.0001444076 0.0001357848 0.000210474 scaffold_3
447 158 3 3:156000804 156000804 22 G A 0.438 -0.09392766 0.0249167 0.9205471 0.9571899 0.0002035008 0.0002424881 0.0004189375 scaffold_3
451 736 3 3:160797800 160797800 6 C A 0.215 0.09147879 0.02842407 1.074516 1.124354 0.001457618 0.001468729 0.001886665 scaffold_3
453 829 3 3:162648145 162648145 15 A C 0.09 -0.1395091 0.04393307 1.079936 1.130153 0.001681308 0.001689741 0.00214178 scaffold_3
454 203 3 3:164631224 164631224 13 C T 0.068 0.1610167 0.0442359 1.129974 1.180033 0.0003305877 0.0003169772 0.0004549181 scaffold_3
455 29 3 3:167119502 167119502 7 T C 0.119 0.163036 0.03784316 0.9957923 1.040959 2.35751e-05 2.460954e-05 4.969179e-05 scaffold_3
456 5 3 3:167406365 167406365 7 T C 0.121 0.1718733 0.03722375 1.01567 1.061425 6.189899e-06 6.235363e-06 1.490814e-05 scaffold_3
457 634 3 3:168957098 168957098 15 T C 0.171 -0.1037093 0.03171494 1.03751 1.07558 0.001224643 0.001273592 0.00171533 scaffold_3
458 585 3 3:169917160 169917160 10 G C 0.196 0.09695853 0.02958988 1.456867 1.530115 0.001197119 0.001184336 0.001639146 scaffold_3
460 466 3 3:171803017 171803017 10 A G 0.19 0.1009004 0.0297615 0.9699624 1.011881 0.0008098287 0.000906855 0.001313278 scaffold_3
466 188 3 3:178351204 178351204 10 A C 0.186 -0.1102328 0.02992991 1.031261 1.071409 0.000281809 0.0002904267 0.0004422955 scaffold_3
471 642 3 3:181742831 181742831 18 G T 0.492 -0.07752067 0.02375428 1.039629 1.082987 0.001252361 0.001299325 0.001727456 scaffold_3
472 82 3 3:183610145 183610145 4 T A 0.066 0.1736555 0.04474227 1.25269 1.306762 0.0001326428 0.0001223027 0.0001913813 scaffold_3
473 559 3 3:184490991 184490991 6 A G 0.181 0.09749477 0.02972934 1.331648 1.399825 0.001186324 0.001122406 0.001464375 scaffold_3
475 254 3 3:186988157 186988157 10 A G 0.053 0.176522 0.04962271 1.225483 1.276792 0.0004472456 0.0004180021 0.0005783947 scaffold_3
477 62 3 3:189750426 189750426 7 T G 0.042 0.2130198 0.05352698 1.186557 1.23936 9.019283e-05 8.362446e-05 0.0001360939 scaffold_3
478 592 3 3:191338025 191338025 10 C G 0.153 0.09971896 0.0305368 1.146894 1.197322 0.001243513 0.001197913 0.001528686 scaffold_3
482 63 3 3:198677278 198677278 16 A G 0.031 0.2531224 0.06356018 1.150317 1.201832 8.922219e-05 8.373511e-05 0.0001368995 scaffold_3
486 728 3 3:201396922 201396922 13 C T 0.401 -0.08233947 0.0257099 1.202331 1.252756 0.001536237 0.00145808 0.001819989 scaffold_3
490 366 3 3:205371578 205371578 5 C A 0.084 0.1429667 0.04167295 1.186983 1.241811 0.000702961 0.0006644031 0.0008831683 scaffold_3
501 56 3 3:213255900 213255900 10 T C 0.382 -0.1016736 0.02516666 1.052848 1.094649 7.093504e-05 7.066739e-05 0.0001225917 scaffold_3
502 269 3 3:213886038 213886038 5 G C 0.488 -0.08603356 0.02430926 1.13368 1.176193 0.0004775878 0.0004593391 0.000638083 scaffold_3
503 159 3 3:214730234 214730234 24 C T 0.186 0.1208519 0.03247685 1.069751 1.119281 0.0002443604 0.0002427463 0.0003648674 scaffold_3
507 7 3 3:216503891 216503891 9 T C 0.071 0.1886869 0.0415533 1.100377 1.158352 8.674385e-06 8.156447e-06 1.800163e-05 scaffold_3
508 793 3 3:217069233 217069233 11 A T 0.209 -0.09222796 0.02875303 1.020511 1.064592 0.001511046 0.001601417 0.002117932 scaffold_3
511 833 3 3:218016186 218016186 13 C T 0.364 0.07862503 0.02492898 1.266948 1.331215 0.001805272 0.00170285 0.002114458 scaffold_3
512 506 3 3:219341992 219341992 12 A C 0.247 -0.09056068 0.02727755 1.1364 1.182835 0.001032902 0.0009988527 0.00129718 scaffold_3
534 515 3 3:230672015 230672015 18 T G 0.477 0.08044025 0.02404633 1.002779 1.046314 0.0009469472 0.001018542 0.001414855 scaffold_3
539 248 4 4:693470 693470 11 C T 0.057 0.1752725 0.04902977 1.122621 1.171965 0.0004196672 0.0004049384 0.0005692976 scaffold_4
545 350 4 4:2337195 2337195 4 T C 0.458 0.1242694 0.03505344 0.8561166 0.8953938 0.0004673311 0.0006400036 0.001074789 scaffold_4
547 409 4 4:2818051 2818051 19 T C 0.246 0.101515 0.02938016 0.9225208 0.9644929 0.0006446192 0.0007752725 0.001178241 scaffold_4
559 632 4 4:5388902 5388902 13 C T 0.277 -0.08876764 0.02736753 1.333057 1.392936 0.001339415 0.001270296 0.001641117 scaffold_4
560 307 4 4:5797104 5797104 11 T C 0.182 0.1022346 0.02924434 1.085862 1.133 0.000557833 0.000552113 0.0007669291 scaffold_4
562 568 4 4:6421980 6421980 20 C T 0.196 -0.09239783 0.02821007 1.174368 1.228196 0.00120281 0.001146399 0.001459889 scaffold_4
563 246 4 4:6556107 6556107 12 T A 0.103 -0.133452 0.03726538 1.099708 1.160999 0.0004101436 0.000400338 0.0005638426 scaffold_4
564 973 4 4:7256980 7256980 9 A G 0.433 -0.07248847 0.02329212 1.175325 1.223577 0.002070511 0.001984664 0.00242843 scaffold_4
578 342 4 4:14140545 14140545 20 T C 0.311 0.08797837 0.02548376 1.276436 1.330693 0.0006512518 0.0006093932 0.0008212853 scaffold_4
581 976 4 4:17312000 17312000 6 G A 0.47 0.0735215 0.02364028 1.19248 1.247441 0.002084975 0.001987632 0.002426425 scaffold_4
584 239 4 4:19634114 19634114 18 C T 0.475 0.08873222 0.02480095 1.308629 1.365516 0.0004151751 0.0003880381 0.0005483906 scaffold_4
586 70 4 4:21606749 21606749 9 G A 0.441 0.09332196 0.02319178 0.879688 0.9129234 7.564656e-05 9.633035e-05 0.0001953968 scaffold_4
587 398 4 4:22352415 22352415 20 A T 0.245 0.09567874 0.0279422 1.02956 1.079353 0.0007192636 0.0007487164 0.001036575 scaffold_4
592 887 4 4:31742553 31742553 11 T G 0.463 0.0769333 0.02452361 1.240774 1.296085 0.00190813 0.001804086 0.002220383 scaffold_4
595 69 4 4:44806035 44806035 13 < A 0.155 0.1463597 0.03680029 1.006207 1.047145 9.110251e-05 9.532893e-05 0.0001640458 scaffold_4
596 478 4 4:55337495 55337495 5 A G 0.44 0.07974119 0.02392423 1.353238 1.411377 0.0009874312 0.0009386471 0.001249781 scaffold_4
597 566 4 4:71734761 71734761 17 A G 0.013 0.333676 0.1018438 1.176208 1.221554 0.001198723 0.001143408 0.001457725 scaffold_4
598 126 4 4:81552833 81552833 9 C T 0.096 0.1446758 0.03837817 1.165504 1.21762 0.0002034432 0.0001913535 0.00028602 scaffold_4
599 10 4 4:121216888 121216888 21 T C 0.073 0.2121011 0.04734249 1.300757 1.364502 1.130397e-05 1.019742e-05 2.176396e-05 scaffold_4
601 182 4 4:144310970 144310970 5 G C 0.118 0.1316497 0.03578269 1.447451 1.528952 0.0002859134 0.0002774702 0.0004303341 scaffold_4
603 91 4 4:149926750 149926750 3 G A 0.234 0.1093769 0.02831467 1.068871 1.112602 0.0001424042 0.000140973 0.0002243536 scaffold_4
605 207 4 4:152745480 152745480 12 T C 0.047 0.2012033 0.05548285 1.248565 1.305542 0.0003475056 0.0003232161 0.0004589893 scaffold_4
606 335 4 4:154193838 154193838 6 A C 0.114 0.1273169 0.03680778 1.258567 1.327321 0.0006361283 0.0005939885 0.0008007977 scaffold_4
607 737 4 4:156423531 156423531 9 T C 0.211 0.09198412 0.0287179 1.169589 1.214559 0.001534252 0.001469983 0.00184069 scaffold_4
608 368 4 4:156507949 156507949 11 T C 0.064 0.169504 0.04944237 1.217483 1.275258 0.0007088472 0.0006655731 0.0008842063 scaffold_4
611 873 4 4:159101080 159101080 22 C A 0.176 0.0953546 0.03037282 1.241831 1.303384 0.001893406 0.001788265 0.002203827 scaffold_4
613 227 4 4:162795613 162795613 18 T C 0.473 0.08880082 0.02457287 1.142136 1.188334 0.0003640075 0.0003476948 0.0004934664 scaffold_4
614 256 4 4:164286779 164286779 8 T C 0.117 0.1275943 0.03590645 1.305022 1.361685 0.000453382 0.0004237578 0.0005940723 scaffold_4
625 379 4 4:174940863 174940863 9 C T 0.091 0.1301223 0.03806332 1.148084 1.208083 0.0007335344 0.0007020704 0.000932333 scaffold_4
630 388 4 4:178498258 178498258 24 A T 0.219 0.1022263 0.02981967 1.04617 1.096364 0.000709253 0.000726532 0.0009986912 scaffold_4
631 328 4 4:178768913 178768913 20 T G 0.145 0.1129553 0.03261863 1.23785 1.307604 0.0006272962 0.0005860591 0.0007888784 scaffold_4
632 214 4 4:179021420 179021420 7 G A 0.44 -0.08380378 0.02315156 1.270236 1.332299 0.0003560589 0.0003309797 0.000470818 scaffold_4
634 673 4 4:180660340 180660340 21 C T 0.22 0.08974503 0.02784367 1.295725 1.365863 0.00143428 0.001351469 0.001719398 scaffold_4
636 152 4 4:182743362 182743362 23 A G 0.151 0.1199861 0.03222426 1.434429 1.513932 0.0002422568 0.0002333144 0.0003662613 scaffold_4
637 885 4 4:183237023 183237023 20 T A 0.353 0.08247351 0.02627437 1.331016 1.398226 0.00189675 0.001802858 0.002267422 scaffold_4
639 879 4 4:185033253 185033253 17 C T 0.109 -0.1248878 0.03936593 1.023985 1.066552 0.001698136 0.001795612 0.002357275 scaffold_4
645 781 4 4:190087023 190087023 1 C T 0.447 -0.08770143 0.02716134 0.9742244 1.01652 0.001406969 0.001575937 0.002181791 scaffold_4
646 430 4 4:192472454 192472454 12 T G 0.027 0.2390303 0.07091291 1.189091 1.243753 0.0008668174 0.0008202258 0.001071286 scaffold_4
648 321 4 4:196640607 196640607 17 T C 0.447 -0.08184995 0.02359298 1.293351 1.351901 0.0006133378 0.0005740125 0.0007810522 scaffold_4
651 185 4 4:208817246 208817246 10 T G 0.029 0.2379496 0.06465042 1.077555 1.126163 0.0002844137 0.000281291 0.0004161125 scaffold_4
653 859 4 4:218862245 218862245 25 C A 0.504 -0.07774666 0.02470511 1.275775 1.335992 0.001847213 0.001744052 0.002164705 scaffold_4
654 601 4 4:224475596 224475596 18 T C 0.194 0.09999985 0.03068967 1.157557 1.213545 0.001273806 0.001221987 0.001550948 scaffold_4
655 124 4 4:226808837 226808837 11 T C 0.154 0.1253076 0.03323653 1.178998 1.239428 0.0002031078 0.0001899984 0.0002835556 scaffold_4
661 189 4 4:233982441 233982441 6 G A 0.432 0.08534179 0.02335409 1.198711 1.250495 0.0003135741 0.0002933964 0.0004194761 scaffold_4
663 922 4 4:234402275 234402275 23 T C 0.103 0.1186962 0.03792525 1.154735 1.203566 0.001954801 0.001886185 0.00232381 scaffold_4
666 557 4 4:235362205 235362205 12 T C 0.253 0.08652902 0.02625463 1.086668 1.13817 0.001122091 0.001117175 0.001457862 scaffold_4
675 195 4 4:237815037 237815037 22 C T 0.045 -0.2211803 0.06040781 1.081588 1.12531 0.0003053266 0.0003015851 0.0004433417 scaffold_4
678 818 4 4:238664897 238664897 8 G C 0.294 0.08584761 0.02669415 0.9600231 1.00659 0.001469304 0.00167982 0.002295778 scaffold_4
679 683 4 4:238975730 238975730 24 T C 0.413 0.07882705 0.02447996 1.214049 1.271614 0.001449308 0.001370639 0.001718679 scaffold_4
685 272 4 4:240278616 240278616 22 C T 0.084 0.1518726 0.04290868 1.103122 1.157264 0.0004770528 0.0004656625 0.0006491803 scaffold_4
686 373 4 4:240659857 240659857 13 G A 0.353 -0.09259153 0.02622684 0.8516887 0.8858355 0.0004928325 0.0006829459 0.001170618 scaffold_4
708 549 5 5:4681818 4681818 18 A G 0.371 0.08339138 0.02519547 1.047515 1.098703 0.001069626 0.001098669 0.001459846 scaffold_5
711 780 5 5:5268707 5268707 21 C T 0.128 0.1142451 0.03553443 1.013825 1.058533 0.001473825 0.001572301 0.002099461 scaffold_5
715 903 5 5:6288451 6288451 16 G C 0.061 0.1434813 0.04584331 1.229436 1.289634 0.001954296 0.001848124 0.002269394 scaffold_5
718 20 5 5:7001393 7001393 25 C T 0.028 0.3223037 0.07341565 1.038058 1.08308 1.665594e-05 1.656273e-05 3.451704e-05 scaffold_5
724 707 5 5:9933071 9933071 18 A G 0.015 0.3083469 0.09567717 1.10224 1.15042 0.001436158 0.001419153 0.001812314 scaffold_5
728 232 5 5:11608980 11608980 5 T C 0.232 0.09926748 0.02757898 1.139362 1.199693 0.0003836988 0.0003665119 0.0005158282 scaffold_5
729 318 5 5:11918605 11918605 13 A T 0.473 0.09285784 0.0255168 0.7715749 0.8071258 0.0003316473 0.0005709107 0.00107628 scaffold_5
737 367 5 5:15210291 15210291 11 C G 0.186 0.1019659 0.02915845 0.9234267 0.9700024 0.0005556752 0.0006654175 0.00101958 scaffold_5
739 543 5 5:16862593 16862593 13 A G 0.017 0.294478 0.0895797 1.25898 1.319603 0.001154803 0.001084674 0.001391451 scaffold_5
743 700 5 5:20794580 20794580 19 C T 0.159 0.110432 0.03410109 1.050457 1.096264 0.001362918 0.001400233 0.001840574 scaffold_5
746 410 5 5:23483453 23483453 25 C T 0.339 0.08747406 0.02581947 1.151041 1.21063 0.0008166019 0.0007816341 0.001028259 scaffold_5
747 433 5 5:28216388 28216388 7 T G 0.022 0.2702024 0.08026336 1.216303 1.282942 0.0008798825 0.0008264711 0.001078778 scaffold_5
749 11 5 5:31922852 31922852 12 G A 0.428 0.1052111 0.02346007 1.119163 1.167258 1.108307e-05 1.035004e-05 2.207863e-05 scaffold_5
750 552 5 5:35254743 35254743 13 T C 0.225 0.08917369 0.02717098 1.264334 1.326701 0.001176153 0.001105205 0.001416741 scaffold_5
755 351 5 5:61866859 61866859 12 G A 0.438 -0.08042956 0.02340855 1.252993 1.31217 0.0006901457 0.0006457177 0.0008627852 scaffold_5
756 88 5 5:66461244 66461244 21 T C 0.015 0.3478268 0.09002756 1.31748 1.390747 0.0001420448 0.0001312708 0.0002076194 scaffold_5
757 35 5 5:70178698 70178698 17 A G 0.103 0.156773 0.03724236 1.2409 1.30269 3.558351e-05 3.238992e-05 5.893942e-05 scaffold_5
761 942 5 5:87809121 87809121 13 A G 0.174 -0.09939032 0.03173491 1.107143 1.154703 0.001941073 0.001918676 0.002391008 scaffold_5
763 204 5 5:137498742 137498742 5 G A 0.08 0.1545282 0.04257573 1.221225 1.287417 0.0003435837 0.000319861 0.0004538575 scaffold_5
765 613 5 5:151746614 151746614 17 A G 0.21 0.1001451 0.03083333 1.315051 1.384675 0.001319654 0.001245894 0.001603211 scaffold_5
766 378 5 5:158458442 158458442 5 G A 0.374 0.110155 0.03220257 1.135191 1.197045 0.0007281084 0.000700591 0.0009322697 scaffold_5
767 387 5 5:159136022 159136022 15 T C 0.242 0.1001902 0.02942372 1.337009 1.400612 0.0007690614 0.0007261535 0.0009809938 scaffold_5
770 67 5 5:166016627 166016627 11 G C 0.158 -0.1316711 0.03313431 1.029809 1.075322 9.229028e-05 9.413283e-05 0.0001592598 scaffold_5
774 602 5 5:170865469 170865469 5 T C 0.178 0.1093667 0.03359584 1.171109 1.226637 0.001287033 0.001228207 0.001556107 scaffold_5
777 963 5 5:174408015 174408015 21 G C 0.489 0.07305715 0.02346535 1.212141 1.272561 0.002062019 0.001956227 0.002390212 scaffold_5
780 475 5 5:178118353 178118353 25 T G 0.302 -0.08991912 0.02688247 1.106729 1.153936 0.000947995 0.0009307582 0.001225424 scaffold_5
781 405 5 5:179059010 179059010 11 T C 0.373 0.08192528 0.02375569 0.9449828 0.988761 0.0006597633 0.000764489 0.001142125 scaffold_5
782 50 5 5:179901772 179901772 20 T C 0.03 0.2628364 0.06336467 1.848851 1.985889 4.582702e-05 5.918982e-05 0.000154707 scaffold_5
788 233 5 5:187132212 187132212 21 A C 0.09 0.1398477 0.03869067 1.050772 1.099633 0.0003630301 0.0003676164 0.0005391411 scaffold_5
796 804 5 5:196660666 196660666 21 G A 0.415 0.07774211 0.02456299 1.220232 1.273131 0.001740639 0.001648031 0.002038627 scaffold_5
798 422 5 5:198837020 198837020 9 G C 0.102 -0.133557 0.03943338 1.096431 1.144395 0.000819478 0.0008085634 0.001080236 scaffold_5
799 255 5 5:200167066 200167066 7 G A 0.423 0.08644656 0.024329 1.277773 1.328686 0.0004538551 0.0004234816 0.0005891347 scaffold_5
806 435 5 5:204815910 204815910 21 A G 0.167 -0.1071268 0.03182612 1.315481 1.373444 0.000881238 0.0008300314 0.001101653 scaffold_5
808 753 5 5:205636661 205636661 18 C A 0.251 -0.08797265 0.02757172 1.287916 1.348064 0.00159862 0.001508512 0.001897456 scaffold_5
813 361 5 5:207080268 207080268 20 C T 0.285 0.099064 0.02878001 1.119986 1.174997 0.0006752009 0.0006548738 0.0008813173 scaffold_5
822 897 5 5:210460308 210460308 15 T C 0.206 -0.09407738 0.03002171 1.294702 1.3589 0.001929949 0.001824197 0.00226917 scaffold_5
825 820 5 5:211351725 211351725 9 C G 0.069 0.1427405 0.04511694 1.158746 1.211656 0.001747679 0.001681255 0.002084772 scaffold_5
829 420 5 5:212424938 212424938 13 A C 0.176 0.1014461 0.03001528 1.162816 1.21866 0.0008399524 0.0008009101 0.001050561 scaffold_5
841 243 5 5:215102249 215102249 6 C T 0.058 0.1634134 0.04572665 1.179818 1.231782 0.000421372 0.0003971494 0.0005527864 scaffold_5
844 667 5 5:215833560 215833560 5 C T 0.062 0.18871 0.05825887 1.096204 1.145595 0.001359293 0.001347625 0.001729388 scaffold_5
848 144 6 6:7056686 7056686 17 G A 0.473 0.08450431 0.02267559 1.277283 1.352976 0.0002393699 0.0002213641 0.0003282676 scaffold_6
855 965 6 6:29494562 29494562 17 A T 0.284 0.09054646 0.02903382 1.14811 1.208166 0.002026985 0.001959423 0.002403487 scaffold_6
857 425 6 6:46937270 46937270 14 T C 0.195 -0.1039892 0.03079052 1.15638 1.20816 0.0008473009 0.0008106987 0.001063782 scaffold_6
859 527 6 6:78363832 78363832 5 T C 0.106 0.1777056 0.05386388 1.246473 1.298535 0.001109155 0.001043552 0.001338704 scaffold_6
861 85 6 6:84541243 84541243 10 G T 0.484 0.0903194 0.02328201 1.140077 1.192157 0.0001336123 0.0001264174 0.0001980567 scaffold_6
869 71 6 6:94474529 94474529 21 A G 0.335 0.1173721 0.02977201 1.324667 1.393814 0.0001044834 9.651362e-05 0.0001577016 scaffold_6
872 345 6 6:96560771 96560771 14 C T 0.34 -0.08406978 0.02433824 1.168152 1.223873 0.0006468979 0.0006141157 0.0008231702 scaffold_6
880 531 6 6:106516830 106516830 21 T G 0.233 0.1012492 0.03036663 0.9966357 1.038083 0.0009835194 0.001066597 0.001483182 scaffold_6
881 60 6 6:109456220 109456220 18 G C 0.217 -0.1209604 0.03009869 1.533558 1.601435 7.721132e-05 7.766487e-05 0.0001474934 scaffold_6
882 564 6 6:110711449 110711449 2 T C 0.279 -0.08323537 0.02536457 1.143443 1.192135 0.001177693 0.001136289 0.001457144 scaffold_6
892 103 6 6:118319535 118319535 11 T C 0.033 0.2295971 0.05977454 1.103014 1.153675 0.0001549278 0.0001496787 0.0002330738 scaffold_6
894 539 6 6:121393903 121393903 15 C A 0.05 0.1699945 0.05168035 1.217427 1.27933 0.001146905 0.001080619 0.001380355 scaffold_6
895 155 6 6:124546835 124546835 18 T G 0.23 0.09945779 0.02684341 1.268971 1.327873 0.0002595177 0.000240578 0.0003526227 scaffold_6
896 100 6 6:128501886 128501886 10 T C 0.194 0.1184395 0.03065372 1.01383 1.064888 0.0001419184 0.0001476492 0.0002395848 scaffold_6
899 597 6 6:132174850 132174850 6 A C 0.432 0.07722771 0.02359487 1.086039 1.131575 0.00121214 0.001209171 0.001576706 scaffold_6
901 397 6 6:133830113 133830113 8 G A 0.162 0.1020687 0.03004257 1.191362 1.250784 0.0007898109 0.0007459103 0.0009815243 scaffold_6
903 146 6 6:139875105 139875105 9 A G 0.203 0.1086195 0.02901139 1.055191 1.104294 0.0002242202 0.0002252374 0.0003433182 scaffold_6
904 580 6 6:141696077 141696077 3 A G 0.071 0.164626 0.05043473 1.289934 1.361369 0.001249397 0.001174685 0.00150904 scaffold_6
905 912 6 6:143015419 143015419 7 T C 0.165 0.1071174 0.0340723 1.089639 1.141358 0.001866504 0.001864509 0.002335818 scaffold_6
907 331 6 6:146129396 146129396 22 G C 0.043 0.1865321 0.05354103 1.516554 1.603642 0.0005821684 0.0005897777 0.0009073586 scaffold_6
909 197 6 6:148307874 148307874 10 A G 0.098 0.1708298 0.04673828 1.102026 1.164631 0.000312676 0.0003041466 0.0004382071 scaffold_6
924 670 6 6:156570046 156570046 22 C T 0.361 0.07934496 0.02457709 1.163934 1.213243 0.00140931 0.001350662 0.001702464 scaffold_6
926 771 6 6:157414914 157414914 13 T A 0.45 -0.07673064 0.02401792 1.109097 1.155486 0.001577276 0.001554111 0.001967376 scaffold_6
929 675 6 6:158848684 158848684 12 C T 0.062 0.1522419 0.04717975 1.161206 1.222905 0.001416714 0.001357085 0.001706683 scaffold_6
938 260 6 6:162065062 162065062 4 T C 0.303 -0.086908 0.02436596 1.065404 1.112364 0.0004321041 0.0004332859 0.0006201524 scaffold_6
939 231 6 6:162211138 162211138 8 G A 0.46 0.08525054 0.02345041 0.9835434 1.028441 0.000336243 0.0003662143 0.0005586896 scaffold_6
941 893 6 6:162743030 162743030 23 T C 0.261 0.08732428 0.02779192 1.140009 1.195974 0.001877289 0.001820592 0.002250443 scaffold_6
949 739 6 6:164770854 164770854 19 T C 0.184 0.09564861 0.02973743 1.071538 1.125494 0.00146701 0.001479959 0.001902234 scaffold_6
950 47 6 6:164876654 164876654 2 T G 0.344 0.1108981 0.02606113 0.7631549 0.8004253 2.942402e-05 5.035605e-05 0.0001202409 scaffold_6
957 841 6 6:167418331 167418331 7 A G 0.204 -0.08784781 0.02787084 1.30039 1.355092 0.001817207 0.00171944 0.002149859 scaffold_6
960 4 7 7:604564 604564 25 C T 0.054 0.2265137 0.04926096 1.247136 1.313514 6.735965e-06 6.030505e-06 1.372527e-05 scaffold_7
962 888 7 7:1123320 1123320 12 G C 0.198 0.08998052 0.02868782 1.27799 1.339971 0.001911705 0.001805084 0.002236891 scaffold_7
979 678 7 7:4550403 4550403 4 T C 0.333 0.08292218 0.02526756 0.9517452 0.992917 0.001176878 0.001359497 0.001930757 scaffold_7
993 505 7 7:8850912 8850912 13 A G 0.329 0.08064287 0.02419685 1.068381 1.117245 0.0009884102 0.0009966827 0.001325849 scaffold_7
996 209 7 7:10578399 10578399 15 C T 0.092 0.1463789 0.04036959 1.298946 1.363802 0.0003480634 0.0003239309 0.0004651966 scaffold_7
1001 519 7 7:13406003 13406003 10 C T 0.435 -0.07879015 0.02367045 1.048406 1.100721 0.001002638 0.001028089 0.001371756 scaffold_7
1005 862 7 7:19328239 19328239 7 T C 0.179 0.1027993 0.03263944 1.180844 1.235683 0.001831745 0.001749936 0.002157264 scaffold_7
1006 457 7 7:21646395 21646395 5 G A 0.254 0.0894099 0.02656756 1.087052 1.134914 0.0008831522 0.0008772416 0.001171092 scaffold_7
1007 25 7 7:25797742 25797742 7 A G 0.369 0.114648 0.02588166 0.8115961 0.8446937 1.405672e-05 2.064159e-05 5.250892e-05 scaffold_7
1008 55 7 7:28023739 28023739 17 C T 0.078 0.1671074 0.04120454 1.037761 1.084757 6.664733e-05 6.719985e-05 0.0001177473 scaffold_7
1009 504 7 7:39520846 39520846 14 C T 0.077 0.1448322 0.04298685 0.9560971 0.9966189 0.0008714553 0.0009964266 0.001459951 scaffold_7
1010 356 7 7:76421952 76421952 6 T C 0.12 0.121307 0.03528847 1.184571 1.241373 0.0006860775 0.0006485493 0.0008638684 scaffold_7
1011 738 7 7:105301787 105301787 23 A G 0.397 -0.07916923 0.02470166 1.145397 1.20198 0.00152409 0.001471445 0.001845189 scaffold_7
1013 109 7 7:108715685 108715685 21 G C 0.011 0.4287008 0.1119911 1.058888 1.104089 0.0001629045 0.0001626708 0.0002571133 scaffold_7
1015 394 7 7:113665809 113665809 5 T C 0.158 -0.1197414 0.03493557 1.034029 1.075957 0.0007108956 0.0007375332 0.001027578 scaffold_7
1016 236 7 7:114382991 114382991 3 T C 0.169 -0.121639 0.03352528 0.9832316 1.021257 0.0003451206 0.0003765416 0.0005793497 scaffold_7
1017 524 7 7:118336792 118336792 23 A C 0.06 0.15569 0.04714742 1.210662 1.274059 0.001097719 0.001034892 0.001326147 scaffold_7
1019 952 7 7:121612292 121612292 12 G T 0.276 0.08170639 0.02618043 1.381736 1.460483 0.002012203 0.001936996 0.002481498 scaffold_7
1022 638 7 7:126945207 126945207 7 T C 0.036 0.1889066 0.05832108 1.225553 1.277081 0.001359677 0.001283626 0.001617929 scaffold_7
1034 330 7 7:140612793 140612793 18 A G 0.209 0.09690541 0.02794494 1.156813 1.208363 0.0006166652 0.0005878545 0.0007928394 scaffold_7
1037 180 7 7:143153988 143153988 14 C G 0.257 0.1084682 0.02845595 0.7974929 0.8331402 0.0001733338 0.0002730015 0.0005390015 scaffold_7
1041 944 7 7:148216680 148216680 15 G A 0.198 0.0893764 0.02852706 1.097178 1.14753 0.001933783 0.001922078 0.002402735 scaffold_7
1048 377 7 7:155288560 155288560 21 C A 0.177 -0.1075427 0.03134813 1.081074 1.1253 0.0007031816 0.0007003804 0.0009565466 scaffold_7
1051 323 7 7:157719117 157719117 3 T C 0.409 0.08391116 0.02415554 1.131142 1.189615 0.0006035311 0.0005813854 0.0007868562 scaffold_7
1053 132 7 7:158968610 158968610 17 G T 0.305 -0.09549763 0.02510206 0.9549012 0.9938162 0.0001783202 0.0002007475 0.0003400239 scaffold_7
1055 219 7 7:159811362 159811362 18 C A 0.409 0.0874744 0.02422311 1.310336 1.378418 0.0003674654 0.0003426212 0.0004909546 scaffold_7
1058 278 7 7:161299087 161299087 9 A T 0.018 0.3152049 0.08932952 1.122087 1.169615 0.0004961207 0.0004797375 0.0006649343 scaffold_7
1063 548 7 7:163583712 163583712 25 C T 0.048 0.1813258 0.05515118 1.176288 1.227616 0.001152973 0.00109854 0.001403586 scaffold_7
1073 987 7 7:167843941 167843941 13 C T 0.012 0.323011 0.1041625 1.265669 1.331293 0.002146845 0.002026795 0.002486848 scaffold_7
1086 857 7 7:172771620 172771620 16 T G 0.266 -0.0857448 0.02722711 1.207653 1.26074 0.001833546 0.001740733 0.00214444 scaffold_7
1091 242 7 7:173870825 173870825 5 A G 0.252 -0.09583391 0.02678541 1.38917 1.453044 0.0004150767 0.000395366 0.0005767141 scaffold_7
1092 267 7 7:174081720 174081720 13 G T 0.31 -0.08748876 0.02475636 1.202674 1.260225 0.0004865159 0.0004563377 0.000626307 scaffold_7
1102 503 8 8:1706746 1706746 7 T C 0.169 0.1000248 0.03013726 1.153217 1.211729 0.001036442 0.0009935293 0.001281822 scaffold_8
1127 801 8 8:10757623 10757623 13 C A 0.099 0.119044 0.03716608 1.013725 1.058443 0.001534226 0.001637432 0.002183519 scaffold_8
1129 577 8 8:11530689 11530689 2 C T 0.269 0.0871974 0.02657227 1.092335 1.13947 0.001177862 0.00116946 0.00152165 scaffold_8
1132 87 8 8:12876387 12876387 9 T C 0.372 0.1000195 0.02549571 0.9326112 0.9697336 0.0001127282 0.000130777 0.0002355933 scaffold_8
1137 671 8 8:16081071 16081071 15 C T 0.05 0.1680974 0.05164341 1.028899 1.074284 0.001288772 0.001351006 0.001803618 scaffold_8
1142 404 8 8:18895344 18895344 6 C T 0.205 -0.09684023 0.028551 1.353066 1.42021 0.0008055065 0.0007633381 0.001034892 scaffold_8
1151 143 8 8:62786110 62786110 20 C T 0.351 0.09611301 0.02572047 1.120887 1.174602 0.0002303879 0.0002211339 0.0003285673 scaffold_8
1156 34 8 8:99389537 99389537 8 A G 0.379 -0.1036171 0.02456356 1.182642 1.228174 3.431206e-05 3.159403e-05 5.765483e-05 scaffold_8
1160 326 8 8:112736545 112736545 17 T C 0.225 0.09655208 0.02786362 1.285045 1.351646 0.0006222935 0.0005816158 0.00078939 scaffold_8
1168 939 8 8:133617645 133617645 5 A C 0.118 0.110998 0.03559365 1.231083 1.293415 0.002028167 0.001918393 0.002349962 scaffold_8
1169 282 8 8:136850605 136850605 8 T G 0.243 0.09537759 0.02704327 1.101253 1.148731 0.0004991878 0.0004886542 0.0006805335 scaffold_8
1173 721 8 8:146139480 146139480 13 G A 0.345 -0.07651775 0.02385625 1.365683 1.43874 0.001511752 0.001444926 0.001876337 scaffold_8
1178 92 8 8:152131009 152131009 13 T C 0.444 0.0933333 0.024265 1.345924 1.416695 0.0001517604 0.0001413 0.0002232814 scaffold_8
1180 21 8 8:155022896 155022896 22 G C 0.011 0.4721368 0.1077425 1.011181 1.053579 1.723733e-05 1.761957e-05 3.739181e-05 scaffold_8
1181 892 8 8:156259938 156259938 11 A G 0.023 0.2404218 0.07668191 1.310836 1.367456 0.001919419 0.001819597 0.002272284 scaffold_8
1188 766 8 8:161787972 161787972 14 C T 0.483 0.08621322 0.02619728 0.8682168 0.9063536 0.001140761 0.001538804 0.002363984 scaffold_8
1189 421 8 8:162056527 162056527 4 T C 0.384 0.09057321 0.02595075 0.8458673 0.8840448 0.0005692617 0.0008010964 0.001321503 scaffold_8
1190 308 8 8:162549823 162549823 23 C G 0.304 0.09879552 0.02797242 0.9620545 1.001215 0.0004902127 0.000552309 0.0008414343 scaffold_8
1191 926 8 8:163450705 163450705 11 G A 0.113 0.1310169 0.04071521 0.8894473 0.9269421 0.001459914 0.001888231 0.002858083 scaffold_8
1226 614 8 8:172860280 172860280 16 A G 0.387 -0.07950555 0.0243428 1.07749 1.124336 0.00124121 0.001246206 0.001623781 scaffold_8
1238 459 9 9:710097 710097 11 T G 0.014 0.3490332 0.104022 1.137282 1.200934 0.000914278 0.0008795116 0.001148779 scaffold_9
1239 813 9 9:1346363 1346363 17 T C 0.233 0.09061355 0.02838574 1.031104 1.07622 0.001590471 0.001667689 0.002184225 scaffold_9
1241 417 9 9:2275281 2275281 15 G C 0.267 -0.0910108 0.02677713 1.058489 1.104398 0.0007860735 0.0007978259 0.001086308 scaffold_9
1250 875 9 9:6006589 6006589 12 G A 0.245 0.09352451 0.02903428 0.9114541 0.9497633 0.00144392 0.001789904 0.00260604 scaffold_9
1252 2 9 9:6734458 6734458 13 T C 0.225 0.1499008 0.03124122 1.043224 1.08314 2.738925e-06 2.666526e-06 7.158276e-06 scaffold_9
1253 26 9 9:6840272 6840272 19 A T 0.303 0.1218611 0.02818193 1.125841 1.17695 2.204821e-05 2.065529e-05 4.00703e-05 scaffold_9
1266 225 9 9:12107525 12107525 18 T C 0.418 -0.0848249 0.02347513 1.152167 1.209471 0.0003645142 0.000346192 0.000489201 scaffold_9
1268 369 9 9:13466219 13466219 4 G A 0.066 0.1572333 0.04571405 1.096104 1.147441 0.000681463 0.0006709902 0.0009087388 scaffold_9
1272 6 9 9:15593926 15593926 12 G C 0.208 0.1356263 0.02943166 1.052809 1.09481 6.445771e-06 6.270111e-06 1.483697e-05 scaffold_9
1276 923 9 9:17005413 17005413 8 A T 0.184 0.09294661 0.02975361 1.231123 1.28598 0.001992684 0.001886271 0.002312254 scaffold_9
1281 384 9 9:20244804 20244804 9 T C 0.213 -0.09771738 0.02852802 1.075005 1.119852 0.0007163708 0.0007168423 0.0009790269 scaffold_9
1282 400 9 9:20752307 20752307 4 T C 0.076 0.1455523 0.04267432 1.082364 1.129511 0.0007538929 0.0007503814 0.001016059 scaffold_9
1284 860 9 9:21932928 21932928 14 C T 0.286 0.08459387 0.02688195 1.239114 1.290596 0.001847951 0.001747406 0.002154701 scaffold_9
1285 852 9 9:23019937 23019937 19 A G 0.239 0.09525156 0.03016039 1.138116 1.184795 0.001780412 0.001729783 0.002152369 scaffold_9
1288 701 9 9:25075875 25075875 10 T C 0.163 -0.1017849 0.03150366 1.081911 1.128224 0.001397616 0.001400447 0.001805919 scaffold_9
1289 646 9 9:27242296 27242296 12 A G 0.255 -0.08553182 0.02645022 1.268647 1.324883 0.00138454 0.001304261 0.001650585 scaffold_9
1290 382 9 9:36388400 36388400 20 C T 0.106 -0.1327351 0.03892622 1.237547 1.289826 0.0007561549 0.0007092988 0.0009380919 scaffold_9
1291 777 9 9:57978878 57978878 12 G A 0.496 -0.077366 0.02432837 1.223127 1.274293 0.001655964 0.001567262 0.001945919 scaffold_9
1292 134 9 9:89114450 89114450 5 G A 0.36 0.09427011 0.0251325 1.273663 1.332464 0.0002184603 0.0002023 0.0003017366 scaffold_9
1293 474 9 9:93561702 93561702 9 C T 0.498 -0.08595758 0.02540559 0.9705103 1.016417 0.0008295015 0.0009284782 0.0013129 scaffold_9
1295 173 9 9:101547740 101547740 14 T G 0.098 0.1968852 0.05267765 0.9466639 0.980282 0.0002297668 0.0002629689 0.0004330171 scaffold_9
1296 832 9 9:103916317 103916317 6 A G 0.046 0.1680736 0.05320797 1.353011 1.41721 0.001776671 0.001696621 0.002163064 scaffold_9
1297 48 9 9:106197235 106197235 20 T C 0.379 0.09878772 0.02414823 1.097496 1.141472 5.780323e-05 5.555627e-05 9.702272e-05 scaffold_9
1298 440 9 9:109630625 109630625 13 T C 0.165 -0.1116681 0.03251196 0.9198809 0.9596417 0.0006931371 0.0008384973 0.00127605 scaffold_9
1299 374 9 9:111700851 111700851 13 G A 0.128 -0.1252783 0.03654761 1.128575 1.1831 0.0007101012 0.0006864458 0.0009173335 scaffold_9
1302 611 9 9:118300389 118300389 21 G C 0.118 0.1242252 0.03823354 1.303084 1.357168 0.001314465 0.001240812 0.001589597 scaffold_9
1303 51 9 9:120948093 120948093 9 T C 0.138 0.1421856 0.03485046 1.065092 1.105835 6.04318e-05 5.950148e-05 0.0001048762 scaffold_9
1304 844 9 9:124287305 124287305 8 C G 0.012 0.335378 0.1059493 1.102008 1.151889 0.001738063 0.001720299 0.002165319 scaffold_9
1306 31 9 9:126863275 126863275 8 A G 0.128 0.1425039 0.03323052 1.055776 1.102332 2.562702e-05 2.519233e-05 4.914028e-05 scaffold_9
1307 194 9 9:128128541 128128541 11 A G 0.434 0.09146375 0.02477502 0.972498 1.015967 0.000272775 0.0003008863 0.0004711494 scaffold_9
1308 316 9 9:129271605 129271605 19 G T 0.18 -0.1153138 0.03299419 1.060118 1.111203 0.0005596348 0.0005650643 0.000785981 scaffold_9
1310 115 9 9:134154552 134154552 7 G A 0.198 0.1123837 0.02937311 1.021484 1.06304 0.0001641059 0.0001697919 0.0002749203 scaffold_9
1313 688 9 9:136825948 136825948 16 G C 0.031 0.242505 0.0753465 1.323504 1.375737 0.00145677 0.001381137 0.00176646 scaffold_9
1314 660 9 9:137276875 137276875 13 T C 0.165 0.1173311 0.03621267 1.117514 1.161879 0.001355213 0.001327389 0.001696417 scaffold_9
1316 120 9 9:138488560 138488560 20 T G 0.194 0.1253777 0.03313077 1.121549 1.193216 0.0001924786 0.0001840722 0.0002768196 scaffold_9
1317 181 9 9:139010459 139010459 13 G A 0.225 0.1111937 0.02970091 0.9034734 0.9408856 0.000224432 0.0002761197 0.0004734574 scaffold_9
1320 334 9 9:141227462 141227462 12 G A 0.105 0.1381132 0.03985028 1.148229 1.220632 0.0006208912 0.0005925882 0.0007965708 scaffold_9
1322 191 9 9:142098946 142098946 20 C T 0.443 -0.08742694 0.02395922 1.271952 1.330559 0.000319741 0.0002970218 0.000426865 scaffold_9
1323 202 9 9:142270769 142270769 12 A G 0.107 0.1320991 0.0363623 1.23451 1.297322 0.0003393466 0.000315628 0.0004487573 scaffold_9
1330 917 9 9:144895635 144895635 3 T C 0.121 0.113663 0.03626496 1.132532 1.191847 0.001926207 0.001873978 0.002313423 scaffold_9
1333 589 9 9:146598132 146598132 5 T C 0.264 0.08481421 0.02601169 1.293163 1.354406 0.001264372 0.001190805 0.001527314 scaffold_9
1335 16 9 9:147616891 147616891 11 G A 0.086 0.2002326 0.0452356 1.407921 1.479174 1.425531e-05 1.322823e-05 2.843946e-05 scaffold_9
1339 502 9 9:149059760 149059760 24 T G 0.314 0.08449386 0.02529288 1.040394 1.093124 0.0009620943 0.0009933669 0.001333854 scaffold_9
1343 77 9 9:150496242 150496242 24 T G 0.058 0.1851333 0.04748255 1.399129 1.475831 0.0001238078 0.0001168055 0.0001931759 scaffold_9
1349 635 9 9:151841481 151841481 19 T C 0.462 -0.07533997 0.02316212 1.108925 1.163887 0.00129856 0.00127559 0.001631891 scaffold_9
1350 258 9 9:152243756 152243756 8 G T 0.427 -0.08243177 0.02320377 1.332967 1.400955 0.0004550323 0.0004268141 0.0006039409 scaffold_9
1351 799 9 9:152409861 152409861 5 T C 0.392 0.08408181 0.02654561 1.220908 1.283304 0.001726676 0.001633068 0.002022258 scaffold_9
1352 123 9 9:152571285 152571285 17 C A 0.498 -0.08733724 0.02314863 1.160808 1.219546 0.0002010285 0.0001892137 0.0002830115 scaffold_9
1353 529 9 9:152901429 152901429 12 T C 0.302 -0.08373098 0.02536156 1.176988 1.235548 0.001100358 0.001046816 0.001341394 scaffold_9
1355 139 9 9:153429182 153429182 8 T A 0.31 -0.09354668 0.02494251 1.132609 1.183213 0.0002188183 0.0002088036 0.0003113724 scaffold_9
1357 509 9 9:153863523 153863523 23 C T 0.123 0.1175679 0.0354436 1.139209 1.192335 0.001043329 0.001006936 0.001302662 scaffold_9
1358 988 9 9:154051080 154051080 23 C T 0.353 0.07918342 0.02553607 1.253565 1.313052 0.00214812 0.002030612 0.002483351 scaffold_9
1397 769 10 10:7566397 7566397 13 G C 0.134 0.1164858 0.03646468 1.439078 1.544766 0.001578551 0.001546543 0.002074031 scaffold_10
1398 107 10 10:7659744 7659744 11 C G 0.117 0.156145 0.04089927 1.428102 1.526599 0.0001693991 0.0001617926 0.0002621775 scaffold_10
1400 386 10 10:9599496 9599496 2 T C 0.184 0.1485044 0.04346592 1.453414 1.539484 0.0007387096 0.0007251637 0.001038068 scaffold_10
1402 317 10 10:10290309 10290309 8 C T 0.239 -0.09522553 0.02741386 1.299834 1.360472 0.00060387 0.0005654431 0.0007715074 scaffold_10
1407 861 10 10:14734525 14734525 18 A C 0.129 0.1076307 0.03410795 1.130563 1.187182 0.00179561 0.001747905 0.002171618 scaffold_10
1408 37 10 10:15401755 15401755 23 A T 0.034 0.256264 0.06095578 1.125753 1.175593 3.6392e-05 3.424524e-05 6.248855e-05 scaffold_10
1411 119 10 10:67008288 67008288 20 A G 0.426 -0.0896922 0.02375013 1.287782 1.349172 0.0001982969 0.0001835512 0.0002773525 scaffold_10
1415 991 10 10:85199708 85199708 5 G A 0.322 -0.07921081 0.02547869 1.140686 1.185045 0.002092505 0.0020337 0.002504088 scaffold_10
1417 1 10 10:93732183 93732183 17 C T 0.013 0.4971566 0.09942425 1.246532 1.310649 1.070419e-06 9.413687e-07 2.849773e-06 scaffold_10
1418 758 10 10:103648020 103648020 21 A T 0.045 -0.1931293 0.06015305 1.067528 1.107891 0.001495774 0.001518085 0.001964434 scaffold_10
1419 946 10 10:110218804 110218804 6 G T 0.408 -0.07563081 0.02402987 1.035773 1.078901 0.001844903 0.001928912 0.002501828 scaffold_10
1420 8 10 10:113159289 113159289 7 C G 0.012 0.4337884 0.09560036 1.050547 1.094923 8.801596e-06 8.601992e-06 1.94355e-05 scaffold_10
1422 650 10 10:119182111 119182111 10 G A 0.106 -0.123105 0.03797545 1.126895 1.177995 0.001347735 0.001312065 0.001669086 scaffold_10
1424 423 10 10:124602490 124602490 15 T C 0.244 0.09128979 0.02689414 1.060773 1.104735 0.0007982891 0.0008088658 0.001102703 scaffold_10
1430 468 10 10:132393273 132393273 23 C T 0.466 -0.07919254 0.02372064 1.308477 1.379163 0.0009689786 0.0009110948 0.001199565 scaffold_10
1432 530 10 10:133843253 133843253 5 A T 0.25 0.08994052 0.02725635 1.167512 1.218693 0.001106731 0.001056989 0.00135613 scaffold_10
1438 631 10 10:136864442 136864442 11 C T 0.428 -0.08167246 0.0249175 1.016162 1.060084 0.001193186 0.001267298 0.001710834 scaffold_10
1456 353 10 10:143943058 143943058 18 T A 0.04 0.1934724 0.05546206 0.9616233 1.000937 0.0005729725 0.0006466981 0.0009894186 scaffold_10
1464 286 10 10:146635143 146635143 19 C T 0.362 0.092637 0.02550959 0.8286283 0.8664269 0.0003411031 0.0004975772 0.0008889448 scaffold_10
1467 133 10 10:147140585 147140585 20 T C 0.457 0.09126517 0.02432129 1.207321 1.258618 0.0002171796 0.0002021907 0.0002996634 scaffold_10
1474 849 10 10:148433038 148433038 17 A T 0.015 0.3031037 0.09603438 1.159237 1.20584 0.001792 0.001725196 0.002138472 scaffold_10
