19 869 1 1:7561053 7561053 7 G C 0.283 -3.015394 0.9829551 1.98151 2.088908 0.002388828 0.002290388 0.002765291 scaffold_1
21 445 1 1:8617801 8617801 3 A G 0.257 -3.485614 1.065653 1.982748 2.086548 0.001219406 0.001162061 0.001473618 scaffold_1
27 296 1 1:10994470 10994470 18 A T 0.146 -4.139126 1.225097 2.289982 2.437759 0.0008420704 0.0007960094 0.001082175 scaffold_1
30 137 1 1:12353814 12353814 11 A G 0.364 3.196464 0.882289 1.819521 1.909774 0.0003512297 0.0003490414 0.0005045159 scaffold_1
31 677 1 1:12899958 12899958 18 T C 0.465 2.735247 0.8724309 2.017633 2.145106 0.001917672 0.00182045 0.002230349 scaffold_1
35 484 1 1:14508627 14508627 23 C A 0.394 2.988801 0.9188612 1.852852 1.953006 0.001296671 0.001285283 0.001647122 scaffold_1
41 251 1 1:19345757 19345757 9 C G 0.452 -2.920606 0.8525576 2.000394 2.11005 0.000714143 0.0006748539 0.0008928025 scaffold_1
45 747 1 1:22745969 22745969 21 C G 0.139 -4.162932 1.309503 1.582302 1.664531 0.001659551 0.00198873 0.002783723 scaffold_1
46 988 1 1:23933055 23933055 16 A G 0.231 -3.183056 1.046766 1.897846 2.00362 0.002604054 0.002555101 0.003088943 scaffold_1
49 156 1 1:26685105 26685105 14 G A 0.398 3.056579 0.847824 1.692306 1.791922 0.0003748281 0.000401016 0.0005939902 scaffold_1
55 89 1 1:30537580 30537580 8 T C 0.488 3.139518 0.8354615 1.796333 1.897421 0.0002123154 0.0002120775 0.0003215594 scaffold_1
59 48 1 1:33893851 33893851 16 G A 0.236 3.820471 0.9815178 2.157892 2.284853 0.0001266572 0.0001164137 0.0001836256 scaffold_1
60 221 1 1:35742727 35742727 21 C T 0.304 3.223725 0.9235226 1.765352 1.862966 0.0005672065 0.000581707 0.000814224 scaffold_1
61 95 1 1:37787594 37787594 9 C A 0.177 -4.027916 1.079172 1.855102 1.96856 0.0002336901 0.0002273891 0.000336488 scaffold_1
62 769 1 1:38743590 38743590 9 A G 0.279 -3.044077 0.9793012 1.90883 2.008285 0.002093234 0.002043582 0.002507641 scaffold_1
63 120 1 1:40130373 40130373 22 A G 0.186 4.105899 1.123475 2.356731 2.50279 0.0003124311 0.0002963027 0.0004486202 scaffold_1
65 143 1 1:43093676 43093676 8 G C 0.482 -2.947945 0.8211442 2.244622 2.389318 0.0003961966 0.0003697483 0.0005302274 scaffold_1
68 226 1 1:47708422 47708422 17 G C 0.396 -3.291215 0.9502008 1.873477 1.985024 0.0006243871 0.000609228 0.0008223234 scaffold_1
73 279 1 1:52769056 52769056 16 C A 0.413 -3.027176 0.8838124 1.730961 1.827669 0.0007155639 0.0007511118 0.001041135 scaffold_1
74 197 1 1:53847363 53847363 14 T C 0.299 -3.330796 0.9409477 1.702119 1.794736 0.0004754367 0.0005068521 0.0007359863 scaffold_1
77 256 1 1:60167346 60167346 12 C T 0.5 2.971301 0.86871 2.267972 2.415312 0.0007276789 0.0006848217 0.0009364972 scaffold_1
79 377 1 1:65743288 65743288 22 T C 0.284 -3.096635 0.9231841 1.689091 1.778521 0.0009162096 0.0009926114 0.001382766 scaffold_1
85 514 1 1:76619223 76619223 25 C A 0.124 -4.072399 1.265307 2.034436 2.149484 0.001454848 0.001376029 0.001720533 scaffold_1
90 571 1 1:88002440 88002440 9 G A 0.215 -3.539312 1.101119 1.753405 1.846422 0.001475547 0.001540011 0.002006361 scaffold_1
92 190 1 1:98306318 98306318 14 T C 0.135 4.838402 1.377867 2.026389 2.139379 0.0005264451 0.0004940202 0.0006709417 scaffold_1
94 277 1 1:120369644 120369644 9 A G 0.291 -3.398256 0.9704192 1.459401 1.535665 0.0005450182 0.0007458362 0.001232862 scaffold_1
95 113 1 1:148061260 148061260 16 T C 0.267 3.686404 1.000471 1.782721 1.876781 0.0002794559 0.0002820954 0.0004190079 scaffold_1
96 220 1 1:158492374 158492374 17 T G 0.197 3.64906 1.052958 2.085197 2.213526 0.0006203488 0.0005790926 0.0007779867 scaffold_1
98 987 1 1:170206586 170206586 8 T G 0.254 3.041287 0.9933849 1.753483 1.846265 0.002436597 0.002554967 0.003228254 scaffold_1
102 667 1 1:180361441 180361441 21 A G 0.184 -3.543215 1.129186 2.154624 2.269158 0.001901081 0.001792767 0.002219777 scaffold_1
107 539 1 1:187364812 187364812 4 T C 0.024 9.609592 2.981419 1.799286 1.883076 0.001432331 0.001458228 0.001893927 scaffold_1
108 946 1 1:188116627 188116627 13 A G 0.3 3.011626 0.9727522 1.650679 1.735093 0.002179663 0.002459102 0.003280125 scaffold_1
113 657 1 1:195182987 195182987 18 C T 0.24 -3.218581 1.023268 1.999449 2.103823 0.001854519 0.001769096 0.002173054 scaffold_1
114 558 1 1:196567654 196567654 5 G T 0.342 -2.895128 0.907929 2.170311 2.300177 0.001606934 0.00151215 0.001901895 scaffold_1
115 101 1 1:196727136 196727136 6 A C 0.472 3.566804 0.9530133 1.702089 1.792423 0.0002248386 0.0002379171 0.0003705989 scaffold_1
116 933 1 1:198313176 198313176 15 A G 0.397 3.053575 0.997535 1.865764 1.976039 0.002439882 0.002420055 0.002946163 scaffold_1
117 238 1 1:199103118 199103118 8 G A 0.334 -3.178222 0.9213036 1.860625 1.958917 0.0006561541 0.0006442706 0.0008712239 scaffold_1
118 658 1 1:199764454 199764454 19 T C 0.37 2.839782 0.9041516 2.131269 2.251949 0.001882583 0.001773819 0.002192255 scaffold_1
122 827 1 1:204800655 204800655 24 A T 0.222 3.282828 1.066641 2.003917 2.110036 0.002312578 0.002208236 0.002670316 scaffold_1
127 659 1 1:211040725 211040725 9 T C 0.177 3.663757 1.166157 2.053589 2.169674 0.001876959 0.001775706 0.002180593 scaffold_1
128 927 1 1:211665528 211665528 24 C T 0.38 -2.745341 0.8993511 1.969274 2.079035 0.002507853 0.002411657 0.002903092 scaffold_1
129 732 1 1:213277906 213277906 8 T G 0.186 3.607377 1.148157 1.760715 1.853703 0.001876045 0.001953857 0.00250274 scaffold_1
130 724 1 1:213467507 213467507 8 T G 0.192 3.640811 1.16386 1.904568 2.009824 0.001962079 0.001915931 0.002360094 scaffold_1
131 429 1 1:214886385 214886385 12 T C 0.461 2.916636 0.8893811 2.008911 2.127344 0.0011846 0.001122261 0.00142495 scaffold_1
135 154 1 1:222187043 222187043 22 C T 0.14 -4.409368 1.228259 1.816599 1.922885 0.0003963564 0.0003942503 0.000560132 scaffold_1
139 513 1 1:227376977 227376977 11 G A 0.46 2.777018 0.8615136 1.972318 2.088606 0.001431093 0.001367495 0.001712528 scaffold_1
146 378 1 1:240150097 240150097 8 C T 0.108 4.497136 1.346799 1.760192 1.85816 0.0009654965 0.0009984678 0.00133941 scaffold_1
147 306 1 1:241892069 241892069 8 T C 0.128 -4.185529 1.242839 2.100161 2.213196 0.0008745723 0.0008194306 0.001069887 scaffold_1
148 359 1 1:242970599 242970599 6 A T 0.385 -2.89112 0.8695264 2.060295 2.175679 0.001013845 0.0009532775 0.001226844 scaffold_1
150 201 1 1:246278862 246278862 10 C T 0.167 -3.863047 1.104506 2.079819 2.197361 0.00055349 0.0005166789 0.0007003426 scaffold_1
151 4 1 1:248574566 248574566 8 G A 0.14 -5.058232 1.136834 1.754651 1.848141 1.285424e-05 1.278181e-05 2.720088e-05 scaffold_1
152 486 1 1:251501832 251501832 11 T C 0.243 3.190753 0.9814904 1.84756 1.949005 0.001304566 0.001295829 0.001660699 scaffold_1
154 276 1 1:253451004 253451004 11 A G 0.198 3.527403 1.038418 2.020176 2.14111 0.0007900334 0.0007440192 0.000976042 scaffold_1
155 585 1 1:254480139 254480139 25 A G 0.303 2.846745 0.894945 1.997119 2.127595 0.001649122 0.001567637 0.001941312 scaffold_1
157 691 1 1:256728022 256728022 20 G A 0.235 -3.250305 1.037171 1.964314 2.082104 0.001926396 0.001849001 0.002266173 scaffold_1
161 105 1 1:259435418 259435418 10 G A 0.47 -3.311585 0.893816 1.832886 1.922496 0.000259024 0.0002550982 0.0003787235 scaffold_1
162 248 1 1:260989325 260989325 10 C G 0.474 2.85622 0.8335044 2.006645 2.125669 0.0007114795 0.0006710515 0.0008879108 scaffold_1
168 963 1 1:270798428 270798428 20 C T 0.174 -3.471528 1.139585 1.915851 2.021266 0.002558865 0.002495558 0.003015167 scaffold_1
173 111 1 1:276185602 276185602 8 A G 0.302 -3.366127 0.8964513 1.507651 1.593495 0.0002146398 0.0002724462 0.0004684354 scaffold_1
182 404 1 1:283261154 283261154 22 T C 0.475 -2.943788 0.8780877 1.619386 1.706579 0.0009219308 0.001058128 0.001512198 scaffold_1
185 529 1 1:286190884 286190884 15 T C 0.298 3.134122 0.9720016 1.839566 1.941847 0.001426387 0.001423014 0.001812665 scaffold_1
203 550 1 1:296085989 296085989 20 G A 0.189 -3.84524 1.174029 1.546741 1.626497 0.001201419 0.001489684 0.002176786 scaffold_1
205 809 1 1:296928633 296928633 6 A C 0.232 3.131658 1.016691 2.119661 2.229876 0.002293804 0.002166875 0.002635756 scaffold_1
206 612 1 1:297829215 297829215 16 G A 0.163 3.539608 1.114754 1.912484 2.025578 0.001680485 0.001633 0.00202986 scaffold_1
207 555 1 1:299126691 299126691 11 T C 0.091 -4.77958 1.48559 1.77661 1.869712 0.001460765 0.00150426 0.001948973 scaffold_1
208 381 1 1:299469379 299469379 10 C T 0.28 -3.543465 1.046565 1.552963 1.627371 0.0008212325 0.001006966 0.001531947 scaffold_1
210 620 1 1:301004872 301004872 8 A C 0.08 -4.932114 1.55739 1.974505 2.073779 0.001727454 0.001655119 0.002046326 scaffold_1
211 270 1 1:301227118 301227118 23 C G 0.209 -3.716265 1.091686 1.964042 2.067562 0.00077025 0.0007339545 0.0009664645 scaffold_1
226 419 2 2:3937781 3937781 20 G C 0.017 -10.20726 3.110124 2.039598 2.183304 0.00117438 0.001104507 0.001405559 scaffold_2
227 981 2 2:4371831 4371831 9 C G 0.319 -2.761166 0.8949729 1.654418 1.74535 0.002257323 0.002537856 0.003349048 scaffold_2
241 55 2 2:8869487 8869487 18 G A 0.215 4.010166 1.036291 1.703219 1.794682 0.0001383164 0.0001454806 0.0002379022 scaffold_2
251 503 2 2:12805761 12805761 5 < G 0.466 2.75889 0.8552313 2.278985 2.414851 0.001419226 0.001346877 0.001752883 scaffold_2
253 361 2 2:13412596 13412596 6 A C 0.123 4.368526 1.306799 1.808201 1.913035 0.0009529557 0.0009598238 0.001269764 scaffold_2
260 281 2 2:17279471 17279471 23 C T 0.226 3.399924 0.9975296 2.539774 2.706965 0.00075902 0.0007640616 0.001143978 scaffold_2
261 907 2 2:17400075 17400075 22 T C 0.193 3.355107 1.09898 2.119733 2.25381 0.00250505 0.002363511 0.002863095 scaffold_2
263 568 2 2:18626275 18626275 2 G A 0.422 3.113591 0.9693996 1.773517 1.879567 0.001487498 0.001531356 0.001976854 scaffold_2
264 17 2 2:19439876 19439876 5 G A 0.119 5.372372 1.262637 1.716904 1.806629 2.93631e-05 3.014048e-05 5.840539e-05 scaffold_2
268 489 2 2:22218933 22218933 9 C T 0.38 -2.848485 0.880992 2.14073 2.261509 0.001384523 0.001300841 0.001646558 scaffold_2
274 186 2 2:28174049 28174049 11 T G 0.496 3.104432 0.8762278 1.769192 1.87107 0.0004701092 0.0004801371 0.0006795145 scaffold_2
277 463 2 2:30990945 30990945 17 T C 0.328 3.110179 0.9321946 1.546835 1.62778 0.0009746078 0.001204152 0.001816847 scaffold_2
278 476 2 2:32510087 32510087 15 G A 0.212 -3.544227 1.089833 2.394518 2.535751 0.001299476 0.001260982 0.0017115 scaffold_2
283 66 2 2:40054335 40054335 18 C A 0.481 -3.330925 0.8792663 1.935 2.055986 0.0001891143 0.0001788433 0.000267958 scaffold_2
285 592 2 2:44680173 44680173 21 G A 0.473 -2.761658 0.8692894 2.027203 2.153565 0.001671161 0.001582599 0.001958711 scaffold_2
286 231 2 2:48736884 48736884 9 G C 0.331 -3.423081 0.9932034 2.226244 2.342599 0.0006636129 0.0006225452 0.0008474893 scaffold_2
288 400 2 2:57407356 57407356 9 C T 0.285 3.233498 0.9783019 1.940133 2.039475 0.001084769 0.001043391 0.001339414 scaffold_2
289 330 2 2:62505028 62505028 15 A T 0.156 4.001606 1.190432 1.861095 1.95848 0.0008937224 0.0008800786 0.001160373 scaffold_2
291 584 2 2:83024184 83024184 8 A G 0.442 2.987848 0.9260253 1.669859 1.748304 0.001416227 0.001566783 0.002142662 scaffold_2
293 707 2 2:130924669 130924669 13 A G 0.337 2.755914 0.8824515 2.092629 2.216309 0.00199576 0.001882505 0.002308452 scaffold_2
294 140 2 2:140945159 140945159 19 A G 0.291 -3.482803 0.9682391 2.159238 2.280455 0.000386186 0.0003588035 0.0005066344 scaffold_2
295 271 2 2:148747353 148747353 15 T C 0.286 3.622042 1.066211 2.111891 2.228346 0.0007894442 0.0007383994 0.0009735976 scaffold_2
297 892 2 2:165523280 165523280 19 G A 0.437 -2.714235 0.8852223 1.916841 2.03603 0.002400564 0.002336512 0.002828377 scaffold_2
298 533 2 2:168607464 168607464 16 G T 0.318 -2.978178 0.9231201 1.807328 1.895675 0.001417755 0.001436384 0.001861198 scaffold_2
299 58 2 2:174130092 174130092 10 T G 0.274 -3.792479 0.9889299 1.852048 1.947495 0.0001581998 0.0001537855 0.0002381008 scaffold_2
302 393 2 2:178826281 178826281 20 T G 0.179 3.915999 1.179508 1.827 1.93861 0.001031088 0.001029615 0.001344759 scaffold_2
305 153 2 2:182622169 182622169 15 T G 0.121 -4.53327 1.268942 2.124459 2.247981 0.0004223851 0.0003923389 0.0005474113 scaffold_2
306 821 2 2:184270851 184270851 12 T C 0.114 4.111271 1.324982 1.778328 1.87209 0.002131266 0.002200127 0.002780005 scaffold_2
307 194 2 2:185043131 185043131 15 T C 0.325 3.471168 0.9630666 1.48087 1.557001 0.0003760912 0.00049778 0.0008338413 scaffold_2
308 811 2 2:185869140 185869140 8 G A 0.34 -2.861397 0.9281212 2.299702 2.43979 0.002273435 0.002174038 0.002748381 scaffold_2
309 906 2 2:186847596 186847596 15 A G 0.3 -3.154861 1.032853 2.210674 2.329727 0.002492324 0.00236225 0.002899789 scaffold_2
311 673 2 2:188330001 188330001 4 G T 0.358 -2.745603 0.8622566 1.662884 1.749022 0.001631202 0.001815633 0.002451208 scaffold_2
315 527 2 2:191063208 191063208 12 C T 0.25 2.966439 0.9239942 2.017077 2.127742 0.001494594 0.001417629 0.001768545 scaffold_2
318 320 2 2:194483161 194483161 9 A T 0.43 -2.753187 0.8157327 1.818871 1.927477 0.0008523972 0.000853017 0.00113398 scaffold_2
320 264 2 2:196794844 196794844 19 C T 0.487 -2.885458 0.8419672 1.807327 1.91151 0.0007107742 0.0007143115 0.0009674491 scaffold_2
329 664 2 2:208506081 208506081 17 C T 0.477 2.726507 0.8602348 1.755927 1.851901 0.001712765 0.001786441 0.002302853 scaffold_2
331 134 2 2:209789273 209789273 25 A G 0.105 -5.497288 1.515721 1.815731 1.912404 0.0003461927 0.0003444491 0.0004970438 scaffold_2
339 725 2 2:215244141 215244141 22 G A 0.487 -2.753625 0.8834384 2.142138 2.267456 0.002035825 0.001918463 0.002362612 scaffold_2
342 127 2 2:217553892 217553892 11 C T 0.213 3.658224 1.007784 1.850643 1.956594 0.0003422369 0.0003347263 0.0004800687 scaffold_2
343 242 2 2:218549480 218549480 5 T G 0.079 5.20716 1.516972 2.297295 2.446535 0.0006969964 0.0006585028 0.0009106907 scaffold_2
344 23 2 2:219512582 219512582 7 T C 0.388 -3.469174 0.8314063 1.952593 2.072661 4.127475e-05 3.830038e-05 6.785676e-05 scaffold_2
345 182 2 2:220397772 220397772 7 C G 0.193 3.821605 1.082513 1.941953 2.059418 0.0004920515 0.0004686057 0.000641367 scaffold_2
346 434 2 2:221432488 221432488 13 G A 0.2 -4.089165 1.239963 1.786181 1.88735 0.001112567 0.001135705 0.001492107 scaffold_2
347 167 2 2:222031072 222031072 11 C G 0.502 3.042624 0.854363 1.922888 2.036221 0.0004399277 0.0004209817 0.0005828803 scaffold_2
352 823 2 2:226246201 226246201 24 A G 0.045 6.050931 1.967664 2.198408 2.334848 0.002331652 0.002202145 0.002716267 scaffold_2
369 672 2 2:235384256 235384256 25 G A 0.178 3.576951 1.139054 1.961196 2.080328 0.001885941 0.001809935 0.002222048 scaffold_2
371 171 2 2:236199531 236199531 18 A G 0.14 -4.319115 1.218132 1.949872 2.07731 0.0004654846 0.0004418456 0.000607036 scaffold_2
372 36 2 2:236715449 236715449 13 A G 0.133 -4.835353 1.214841 1.804604 1.911883 8.972029e-05 8.846581e-05 0.0001460083 scaffold_2
380 517 3 3:1542895 1542895 13 A G 0.224 3.105177 0.9649409 2.000685 2.117142 0.001457329 0.001384411 0.001730429 scaffold_3
396 160 3 3:4680246 4680246 5 C A 0.172 4.327862 1.213575 2.000395 2.123186 0.0004321212 0.0004060933 0.0005612175 scaffold_3
405 572 3 3:7080989 7080989 8 A C 0.078 -5.577006 1.682331 1.415571 1.493896 0.001048853 0.001543526 0.002519296 scaffold_3
411 616 3 3:9434940 9434940 24 G T 0.135 -4.157738 1.313376 2.00135 2.123752 0.001734451 0.001650021 0.002035866 scaffold_3
431 262 3 3:24475522 24475522 5 C G 0.202 -3.602873 1.048239 1.757629 1.849913 0.0006860932 0.0007087355 0.000979584 scaffold_3
433 346 3 3:34250305 34250305 14 T G 0.029 -8.909362 2.672058 2.080486 2.194392 0.0009818048 0.0009215482 0.001190384 scaffold_3
434 807 3 3:37771601 37771601 18 G C 0.192 -3.484745 1.128571 1.95878 2.05933 0.002238704 0.002157668 0.002621305 scaffold_3
436 88 3 3:54124545 54124545 17 C T 0.448 3.430569 0.9127085 1.797794 1.891456 0.000211638 0.0002114219 0.0003215181 scaffold_3
437 371 3 3:87794656 87794656 16 G A 0.24 -3.72439 1.122514 2.152065 2.259657 0.001038635 0.0009745946 0.001261765 scaffold_3
438 207 3 3:125091813 125091813 11 T C 0.439 -3.161929 0.9012253 1.828156 1.926082 0.0005322146 0.0005287183 0.0007318377 scaffold_3
439 86 3 3:130269399 130269399 15 A G 0.175 -4.189887 1.119234 2.012565 2.124121 0.0002241012 0.0002091178 0.0003075748 scaffold_3
440 54 3 3:132483569 132483569 11 A G 0.285 -3.563166 0.919043 1.939705 2.036256 0.0001344522 0.0001268326 0.0001973545 scaffold_3
441 534 3 3:138400996 138400996 12 A G 0.112 -4.290443 1.337988 2.000619 2.123351 0.001513766 0.001438332 0.001792533 scaffold_3
442 68 3 3:145513997 145513997 4 T G 0.043 -6.99302 1.849733 1.939867 2.052042 0.0001947705 0.0001840103 0.0002751576 scaffold_3
445 462 3 3:150647420 150647420 19 A C 0.069 -5.478941 1.672211 1.824457 1.922537 0.001196466 0.00119947 0.001558104 scaffold_3
446 319 3 3:154699765 154699765 12 G A 0.049 -6.423799 1.912565 2.007104 2.132151 0.00090224 0.0008522253 0.001105724 scaffold_3
447 757 3 3:156525422 156525422 15 T C 0.156 3.61752 1.166106 2.062907 2.180859 0.002135894 0.002020499 0.002459996 scaffold_3
448 750 3 3:157459013 157459013 14 T C 0.029 -8.108396 2.608021 2.311251 2.463149 0.002089109 0.001997503 0.002554831 scaffold_3
450 515 3 3:159850756 159850756 13 T C 0.28 2.965512 0.9173487 1.847482 1.945346 0.001387183 0.001378565 0.001763601 scaffold_3
451 412 3 3:160797800 160797800 6 C A 0.214 3.416064 1.032017 1.795991 1.892034 0.001066833 0.001083327 0.001430255 scaffold_3
454 150 3 3:164550145 164550145 10 A G 0.109 -4.654832 1.30072 2.274125 2.427379 0.0004129946 0.0003867902 0.0005566888 scaffold_3
459 839 3 3:171307254 171307254 8 T C 0.184 3.512323 1.141351 1.968548 2.073927 0.002315468 0.002226984 0.002696108 scaffold_3
463 934 3 3:175741302 175741302 18 A C 0.215 3.339689 1.091761 2.437505 2.603387 0.00245666 0.002420873 0.003195972 scaffold_3
471 87 3 3:181810478 181810478 8 T G 0.348 -3.364272 0.8943596 1.78097 1.86957 0.0002092584 0.0002109354 0.0003233896 scaffold_3
472 2 3 3:183630389 183630389 6 G C 0.421 -3.911343 0.8402068 1.767941 1.861003 5.200093e-06 5.089189e-06 1.222069e-05 scaffold_3
473 602 3 3:184988727 184988727 16 G A 0.479 -2.923136 0.91738 1.847517 1.94325 0.00161938 0.001612659 0.00203901 scaffold_3
483 803 3 3:198894569 198894569 7 A G 0.333 -3.340737 1.078594 1.873841 1.97252 0.00217032 0.002146082 0.002638043 scaffold_3
487 368 3 3:202403854 202403854 13 A C 0.349 -3.220357 0.9672087 1.912098 2.011568 0.000997932 0.0009664782 0.001252798 scaffold_3
491 554 3 3:205953929 205953929 22 C T 0.244 -3.164189 0.9830422 1.76781 1.86567 0.001453554 0.001502656 0.001952353 scaffold_3
494 941 3 3:208122447 208122447 13 G A 0.163 3.500861 1.150618 2.110937 2.248734 0.002589551 0.00244393 0.002951546 scaffold_3
497 326 3 3:209880861 209880861 9 C G 0.175 4.33988 1.294088 1.970138 2.076448 0.0009183638 0.0008752765 0.001135397 scaffold_3
504 79 3 3:215100418 215100418 20 T C 0.292 3.566422 0.9499359 2.079885 2.210934 0.0002150991 0.0001988439 0.0002946612 scaffold_3
508 253 3 3:217268766 217268766 12 G A 0.203 -3.92092 1.142028 2.443443 2.608715 0.0006952895 0.0006784516 0.0009812864 scaffold_3
511 644 3 3:218273143 218273143 9 C G 0.325 -2.923372 0.9275186 1.982375 2.091614 0.001815692 0.00173595 0.002136356 scaffold_3
515 22 3 3:220735704 220735704 14 G A 0.277 -3.851401 0.9215671 1.966599 2.080462 4.018125e-05 3.718528e-05 6.608608e-05 scaffold_3
518 67 3 3:222666360 222666360 22 A G 0.462 3.392526 0.8931644 1.824846 1.918583 0.0001820239 0.0001792687 0.0002751413 scaffold_3
519 706 3 3:223176159 223176159 0 G A 0.136 3.971695 1.268249 1.931119 2.029942 0.001940228 0.001880757 0.002314284 scaffold_3
520 621 3 3:223647418 223647418 5 G C 0.18 3.559973 1.12522 2.019188 2.142635 0.001745303 0.001656189 0.002042802 scaffold_3
525 698 3 3:225846315 225846315 11 C T 0.269 3.037341 0.9648079 1.806923 1.908343 0.001837888 0.001865491 0.002351906 scaffold_3
526 84 3 3:226334728 226334728 19 T C 0.232 -3.805296 1.016443 2.106271 2.234966 0.0002239259 0.0002068608 0.0003059759 scaffold_3
532 477 3 3:229658504 229658504 18 A G 0.367 -3.060679 0.9429601 2.000163 2.108665 0.001327235 0.001261543 0.001588196 scaffold_3
539 465 4 4:767154 767154 16 T G 0.283 -3.091325 0.9477267 1.892472 1.994868 0.001257346 0.001227601 0.001566057 scaffold_4
540 325 4 4:1064446 1064446 5 T C 0.172 3.702809 1.103524 1.98257 2.090663 0.0009125987 0.0008669967 0.001124662 scaffold_4
543 526 4 4:1886364 1886364 13 G A 0.476 -2.985874 0.9206673 1.736846 1.834768 0.001339178 0.001409451 0.001855672 scaffold_4
545 50 4 4:2270388 2270388 19 A G 0.157 6.216921 1.599585 2.140784 2.26381 0.0001295605 0.0001190631 0.0001869491 scaffold_4
546 680 4 4:2492089 2492089 3 A G 0.171 3.711609 1.184327 2.037894 2.1651 0.001925631 0.001823266 0.002234407 scaffold_4
547 711 4 4:2670034 2670034 17 C T 0.459 2.842158 0.8871184 1.551607 1.637178 0.001528133 0.0018885 0.002700768 scaffold_4
551 863 4 4:3606687 3606687 12 A G 0.492 -2.665428 0.8677418 1.967365 2.079504 0.002358175 0.002266741 0.002739975 scaffold_4
553 290 4 4:3901773 3901773 4 C T 0.376 3.024968 0.894658 2.143329 2.275901 0.0008346803 0.0007799398 0.001028698 scaffold_4
567 14 4 4:9649572 9649572 21 C A 0.409 -3.765107 0.8777304 1.697073 1.784383 2.53922e-05 2.637696e-05 5.261271e-05 scaffold_4
575 444 4 4:11931990 11931990 6 C G 0.105 4.642228 1.4204 2.034376 2.151863 0.001230278 0.001161828 0.001471401 scaffold_4
576 619 4 4:12991818 12991818 13 A G 0.165 3.923521 1.23956 2.295239 2.445569 0.001736945 0.001654449 0.002128794 scaffold_4
583 367 4 4:18411255 18411255 13 A G 0.329 -3.115288 0.9363486 1.941349 2.047366 0.00100647 0.0009661941 0.00124675 scaffold_4
584 758 4 4:19642842 19642842 20 T C 0.155 -3.450306 1.101587 1.756166 1.853066 0.001937135 0.002021624 0.002589327 scaffold_4
590 932 4 4:27552918 27552918 12 A G 0.081 -5.220208 1.704145 1.851881 1.949672 0.002423269 0.002418735 0.002965398 scaffold_4
594 688 4 4:35251453 35251453 16 A G 0.452 -2.811739 0.8964828 1.944999 2.051837 0.001910074 0.001843306 0.00226523 scaffold_4
595 118 4 4:44796996 44796996 14 T G 0.088 -6.905907 1.830645 1.411392 1.480862 0.0002009108 0.0002915073 0.0005389077 scaffold_4
596 184 4 4:47619149 47619149 4 T G 0.061 -8.086772 2.275981 1.740649 1.828011 0.0004531744 0.0004715416 0.0006759881 scaffold_4
597 35 4 4:60638450 60638450 22 T G 0.439 -3.691867 0.9246582 1.795009 1.888245 8.539973e-05 8.468897e-05 0.0001415846 scaffold_4
598 218 4 4:73680664 73680664 16 T C 0.419 -3.153132 0.9020476 1.760232 1.852474 0.0005574733 0.0005737386 0.0008069447 scaffold_4
599 671 4 4:122210862 122210862 16 A G 0.124 -4.568821 1.447158 1.811706 1.906755 0.001784364 0.001808495 0.002284008 scaffold_4
603 993 4 4:151146283 151146283 16 A G 0.07 -5.378769 1.766327 1.852712 1.950951 0.002568208 0.002564375 0.003128965 scaffold_4
605 760 4 4:153873006 153873006 17 C T 0.093 4.509651 1.449668 1.915827 2.012824 0.002076918 0.002023327 0.002483768 scaffold_4
608 423 4 4:157139334 157139334 21 A C 0.118 4.373016 1.328702 1.883056 1.982346 0.001137976 0.001113991 0.001434893 scaffold_4
614 212 4 4:163130191 163130191 5 G T 0.472 3.047139 0.8774908 2.136155 2.267162 0.0006050521 0.0005638583 0.0007631681 scaffold_4
617 611 4 4:168323828 168323828 5 A G 0.018 9.49882 3.00047 2.117771 2.240988 0.001733935 0.001631814 0.002026599 scaffold_4
620 158 4 4:171807294 171807294 24 G A 0.098 -5.417296 1.496493 1.615003 1.694876 0.0003550296 0.0004051367 0.0006325589 scaffold_4
622 414 4 4:172542033 172542033 25 T C 0.097 -4.934572 1.497653 1.900168 2.00768 0.001123799 0.001092792 0.001403214 scaffold_4
628 766 4 4:177079963 177079963 11 G A 0.073 -4.659813 1.502535 2.007887 2.128518 0.002142309 0.002039227 0.00247859 scaffold_4
632 563 4 4:179651947 179651947 19 A G 0.215 -3.269947 1.019294 1.812273 1.919783 0.001506645 0.001521369 0.001938328 scaffold_4
633 455 4 4:180299975 180299975 7 G A 0.205 -3.314713 1.015049 1.992896 2.113864 0.001241524 0.001179554 0.001492316 scaffold_4
634 243 4 4:181215213 181215213 12 T C 0.043 6.848862 1.995236 1.974038 2.095904 0.0006969785 0.0006607141 0.000876065 scaffold_4
639 82 4 4:185019459 185019459 7 A G 0.265 -3.641521 0.9626385 1.711038 1.815366 0.0001930761 0.0002024892 0.0003153681 scaffold_4
643 77 4 4:188378236 188378236 25 G A 0.412 -3.382246 0.8951099 1.783109 1.870786 0.0001962393 0.0001974252 0.0003051733 scaffold_4
644 345 4 4:189291545 189291545 21 G C 0.392 2.964256 0.870766 1.57425 1.666432 0.0007701352 0.0009204026 0.001363429 scaffold_4
645 1 4 4:190084854 190084854 10 A G 0.333 -4.323457 0.9141956 1.856735 1.948245 3.726454e-06 3.490306e-06 8.661565e-06 scaffold_4
646 240 4 4:191260415 191260415 10 A C 0.347 -2.981645 0.8662778 1.909284 2.02461 0.0006744917 0.0006503154 0.0008684273 scaffold_4
647 982 4 4:195378691 195378691 4 T G 0.502 2.638902 0.8699247 2.026102 2.138429 0.002666173 0.002539517 0.003040915 scaffold_4
650 219 4 4:203638430 203638430 14 C T 0.09 -5.059236 1.456798 1.936564 2.038607 0.0006044342 0.0005784121 0.0007792444 scaffold_4
655 854 4 4:225482883 225482883 16 C G 0.481 2.571284 0.837342 2.025089 2.142761 0.002365149 0.002248816 0.002714999 scaffold_4
667 305 4 4:235934635 235934635 8 C A 0.224 3.440448 1.015238 1.815849 1.919784 0.0008126781 0.0008146717 0.001088821 scaffold_4
668 420 4 4:236278520 236278520 4 G A 0.339 3.139467 0.9528667 1.872644 1.971347 0.00112422 0.001104519 0.001426828 scaffold_4
669 161 4 4:236284532 236284532 14 G T 0.318 3.475166 0.9684267 1.766015 1.85786 0.0003984869 0.0004072562 0.000590644 scaffold_4
672 250 4 4:237114203 237114203 19 G A 0.404 3.336721 0.9743538 2.242991 2.3743 0.0007170421 0.0006735537 0.0009152821 scaffold_4
673 853 4 4:237509427 237509427 20 T C 0.09 5.009267 1.616628 2.610238 2.832792 0.002161288 0.002246987 0.003215215 scaffold_4
674 859 4 4:237682460 237682460 19 A C 0.222 3.13508 1.019791 1.958024 2.067699 0.002338792 0.002253213 0.002727057 scaffold_4
679 702 4 4:238969145 238969145 7 A C 0.022 9.241065 2.953039 1.971822 2.081495 0.001954884 0.001874331 0.002295432 scaffold_4
684 968 4 4:239971908 239971908 20 A G 0.418 -2.655622 0.8723773 1.920353 2.015294 0.002576879 0.002511792 0.003039115 scaffold_4
693 890 5 5:1063019 1063019 6 A T 0.038 -6.793566 2.201146 1.775261 1.871505 0.002248693 0.002326113 0.002925129 scaffold_5
694 360 5 5:1621613 1621613 15 T C 0.132 -4.572159 1.329617 1.44234 1.527457 0.0006821575 0.0009581979 0.001541755 scaffold_5
695 683 5 5:1820796 1820796 10 C T 0.341 -2.839618 0.903729 1.901172 2.001151 0.00187464 0.001832451 0.00226843 scaffold_5
696 168 5 5:2183012 2183012 12 C T 0.087 5.321558 1.4923 1.82389 1.926162 0.0004324329 0.0004291551 0.0006054257 scaffold_5
700 830 5 5:2812734 2812734 6 C T 0.248 -2.952392 0.9606971 2.127919 2.24369 0.002346832 0.002215796 0.002695145 scaffold_5
704 301 5 5:4005622 4005622 23 G A 0.243 4.048865 1.199915 2.015404 2.13053 0.0008548208 0.0008069227 0.001051581 scaffold_5
708 481 5 5:4766934 4766934 14 G A 0.281 3.334596 1.029371 2.087712 2.21146 0.001356037 0.001274575 0.001607474 scaffold_5
710 780 5 5:5200560 5200560 2 A C 0.025 -7.29886 2.360697 2.192513 2.327359 0.002209309 0.002083745 0.002579586 scaffold_5
711 164 5 5:5379876 5379876 7 T A 0.05 6.473094 1.818004 2.259572 2.40543 0.0004410925 0.0004126097 0.0005888202 scaffold_5
722 549 5 5:8292037 8292037 16 G A 0.252 -3.332321 1.030756 2.684608 2.87967 0.001386289 0.001483427 0.002276176 scaffold_5
724 587 5 5:10089133 10089133 13 A G 0.051 -6.11446 1.920765 1.96177 2.065394 0.00163587 0.001570189 0.001949903 scaffold_5
726 499 5 5:10963398 10963398 16 G A 0.105 -4.227921 1.303182 1.834968 1.931758 0.00133403 0.001332445 0.001714888 scaffold_5
734 771 5 5:13957609 13957609 14 T A 0.225 -3.206803 1.030238 1.859108 1.976101 0.002064324 0.002047233 0.002521262 scaffold_5
739 652 5 5:16446169 16446169 21 A C 0.304 2.919825 0.928121 2.277921 2.420964 0.001851109 0.001759568 0.002247145 scaffold_5
740 506 5 5:17516998 17516998 12 G A 0.374 2.799037 0.8681956 2.015226 2.149055 0.001428443 0.001352307 0.001693033 scaffold_5
741 80 5 5:18179163 18179163 12 T G 0.38 -3.343144 0.8856137 1.789191 1.900671 0.0001989693 0.00019917 0.0003027569 scaffold_5
748 441 5 5:31197934 31197934 17 C A 0.326 -3.0228 0.9223097 1.912765 2.026746 0.001192577 0.001155355 0.001472845 scaffold_5
751 130 5 5:44458174 44458174 5 A G 0.121 4.627721 1.276752 1.867819 1.962032 0.0003490622 0.0003398057 0.0004862006 scaffold_5
755 578 5 5:61560608 61560608 7 A G 0.359 2.834109 0.8913564 2.110368 2.2352 0.001656633 0.00155853 0.001940659 scaffold_5
758 649 5 5:74485558 74485558 14 A C 0.225 -3.209581 1.015126 1.841202 1.945514 0.001757127 0.001754528 0.002200682 scaffold_5
762 78 5 5:91302518 91302518 2 T C 0.111 -6.436257 1.700659 1.734085 1.833162 0.0001918229 0.0001983218 0.000307928 scaffold_5
764 99 5 5:144301057 144301057 25 G T 0.217 -4.088942 1.084195 1.60108 1.685021 0.0002016592 0.0002315117 0.0003828332 scaffold_5
765 28 5 5:152153916 152153916 13 A T 0.014 -12.85803 3.149577 2.2902 2.451245 5.960762e-05 5.487553e-05 9.714682e-05 scaffold_5
769 7 5 5:164583114 164583114 4 A G 0.067 -7.152064 1.637997 2.099848 2.227634 1.835486e-05 1.657539e-05 3.263858e-05 scaffold_5
770 136 5 5:166613616 166613616 24 C T 0.434 3.211729 0.8908402 2.075071 2.210554 0.0003747248 0.0003481301 0.0004890875 scaffold_5
771 27 5 5:167285825 167285825 19 A T 0.36 -3.55382 0.8690126 1.993478 2.119601 5.793724e-05 5.347579e-05 9.094752e-05 scaffold_5
774 81 5 5:171320642 171320642 13 A G 0.151 -4.363213 1.160734 1.950096 2.053593 0.0002113625 0.0001995153 0.0002959784 scaffold_5
775 795 5 5:172006051 172006051 22 T C 0.432 2.616045 0.8427154 1.825012 1.922675 0.002121472 0.002137665 0.002667254 scaffold_5
776 259 5 5:172977403 172977403 12 G A 0.144 -3.885745 1.138534 2.051333 2.173753 0.0007468947 0.0007005239 0.0009241996 scaffold_5
777 233 5 5:174035300 174035300 18 C T 0.383 -3.133683 0.88624 1.485576 1.560168 0.0004821774 0.0006359968 0.001067448 scaffold_5
778 716 5 5:175646156 175646156 10 G T 0.286 -2.92974 0.9300578 1.756412 1.865739 0.001826237 0.001903121 0.00242032 scaffold_5
779 679 5 5:175924324 175924324 22 T A 0.261 3.051306 0.9737036 2.23595 2.383726 0.001927071 0.001822022 0.002295854 scaffold_5
780 501 5 5:177689943 177689943 17 C G 0.124 -4.358226 1.33785 1.747247 1.83692 0.001275327 0.001334189 0.001766728 scaffold_5
781 191 5 5:179194979 179194979 20 A C 0.116 4.748976 1.347661 2.482822 2.677494 0.0005036009 0.0004942216 0.0007485013 scaffold_5
782 938 5 5:180700120 180700120 14 A C 0.166 -3.500896 1.150283 2.138849 2.270414 0.002581943 0.002436831 0.002952585 scaffold_5
783 121 5 5:182247228 182247228 16 G A 0.384 3.199413 0.8769082 1.980958 2.091857 0.0003195968 0.000300765 0.0004276614 scaffold_5
784 70 5 5:183551623 183551623 8 < C 0.284 -3.856433 1.015915 1.774213 1.875848 0.0001836304 0.0001853041 0.0002860992 scaffold_5
785 415 5 5:184223238 184223238 14 G C 0.266 3.264613 0.989419 1.847838 1.958114 0.001106076 0.00109575 0.001418269 scaffold_5
786 202 5 5:185463921 185463921 11 T C 0.385 3.048186 0.8626314 1.691265 1.778817 0.0004862647 0.0005226247 0.0007667778 scaffold_5
787 637 5 5:186569334 186569334 21 G A 0.241 3.037931 0.9639851 2.120856 2.241624 0.001818029 0.001711979 0.002119194 scaffold_5
788 63 5 5:186995824 186995824 9 T G 0.317 -3.524483 0.9250019 2.075553 2.189271 0.0001739161 0.0001607652 0.0002430634 scaffold_5
791 18 5 5:190247345 190247345 19 G A 0.13 5.097086 1.205386 1.947804 2.050955 3.27592e-05 3.040469e-05 5.55058e-05 scaffold_5
794 875 5 5:193898728 193898728 11 T C 0.49 -2.596699 0.8456845 1.932228 2.032819 0.002366977 0.00229685 0.002787237 scaffold_5
795 9 5 5:194868076 194868076 6 T G 0.343 -3.775583 0.869545 1.778915 1.875872 2.035332e-05 2.005782e-05 3.985725e-05 scaffold_5
796 418 5 5:196156399 196156399 4 C A 0.36 2.925728 0.8812332 1.711776 1.79568 0.001031047 0.001101336 0.001514585 scaffold_5
798 765 5 5:199251219 199251219 13 G T 0.067 5.014667 1.601447 1.748103 1.857256 0.001942156 0.002033963 0.002590094 scaffold_5
802 31 5 5:202880083 202880083 11 T C 0.243 -4.014077 0.9746584 1.53255 1.603547 5.151694e-05 6.259797e-05 0.0001275343 scaffold_5
805 945 5 5:204570249 204570249 12 C T 0.435 -2.60443 0.8549362 1.973201 2.090195 0.002558566 0.002456744 0.002951716 scaffold_5
806 868 5 5:204802716 204802716 11 C G 0.077 -4.95382 1.615745 2.013059 2.127545 0.002402077 0.002289614 0.002760929 scaffold_5
813 560 5 5:206961039 206961039 18 G T 0.231 -3.290564 1.030904 2.30409 2.450309 0.001589897 0.001515686 0.001968608 scaffold_5
814 152 5 5:207552837 207552837 11 T C 0.036 -7.754849 2.160921 1.8476 1.941223 0.0003981796 0.0003913407 0.0005547703 scaffold_5
824 468 5 5:211095958 211095958 17 C T 0.158 -3.975035 1.21031 1.724116 1.819351 0.001164968 0.001234886 0.001650853 scaffold_5
827 984 5 5:211715406 211715406 7 A G 0.173 -3.436607 1.133374 2.262361 2.384848 0.002677204 0.002552721 0.003157785 scaffold_5
828 793 5 5:212025745 212025745 16 C T 0.382 2.654649 0.8523357 2.60854 2.812357 0.002051717 0.002135243 0.003044322 scaffold_5
832 730 5 5:213123589 213123589 11 A G 0.16 3.862196 1.238855 2.238074 2.374156 0.002031745 0.001924621 0.002413662 scaffold_5
837 115 5 5:214168187 214168187 10 A G 0.22 3.505321 0.9574143 2.200102 2.366938 0.0003048899 0.000282106 0.0004117551 scaffold_5
839 324 5 5:214782320 214782320 18 A G 0.465 -2.978597 0.8875691 2.289868 2.452794 0.0009111296 0.000861173 0.001162759 scaffold_5
848 16 6 6:4151872 4151872 19 C A 0.205 4.36443 1.032871 2.13442 2.249522 3.317808e-05 3.013333e-05 5.520018e-05 scaffold_6
853 75 6 6:22306617 22306617 7 A G 0.309 3.413349 0.9059444 2.193718 2.324 0.0002044991 0.0001890836 0.0002854707 scaffold_6
854 71 6 6:24207693 24207693 20 T G 0.271 3.950549 1.047263 2.148737 2.281888 0.0002010085 0.0001854633 0.0002786294 scaffold_6
856 8 6 6:31213624 31213624 13 T C 0.31 3.971679 0.9078581 1.648809 1.738709 1.770717e-05 1.900325e-05 4.003532e-05 scaffold_6
857 331 6 6:37313006 37313006 25 A G 0.32 -3.036027 0.9067036 2.33291 2.49996 0.0009350159 0.0008903491 0.001215015 scaffold_6
858 894 6 6:62111168 62111168 13 A G 0.345 -2.932205 0.9572288 2.345031 2.49394 0.002423417 0.00233763 0.002981423 scaffold_6
859 116 6 6:71932002 71932002 7 T C 0.084 5.287551 1.441298 1.928372 2.027825 0.0002966686 0.0002826884 0.0004066618 scaffold_6
860 110 6 6:78981507 78981507 10 G A 0.29 -3.374643 0.9141453 1.803568 1.904038 0.0002723412 0.0002717617 0.0004016284 scaffold_6
862 317 6 6:86714043 86714043 16 C G 0.26 3.153958 0.9385642 2.027067 2.135918 0.0008970299 0.0008456718 0.001097893 scaffold_6
864 85 6 6:89070446 89070446 3 A G 0.243 -3.705618 0.9853816 1.809847 1.907022 0.0002101022 0.0002085452 0.0003162418 scaffold_6
867 149 6 6:92713974 92713974 17 T C 0.16 4.086904 1.129126 1.672674 1.755494 0.0003556391 0.0003864258 0.0005911778 scaffold_6
869 241 6 6:93892903 93892903 4 A G 0.171 -3.944963 1.149784 2.064805 2.1775 0.0007008206 0.0006568866 0.0008714262 scaffold_6
871 64 6 6:96348561 96348561 11 T C 0.19 4.138851 1.078174 1.678226 1.760984 0.0001558874 0.0001672739 0.0002751078 scaffold_6
873 689 6 6:98256617 98256617 14 A C 0.26 -2.963028 0.9386896 1.775749 1.872695 0.001787547 0.00184424 0.00235408 scaffold_6
880 380 6 6:106597717 106597717 12 G A 0.144 -4.224733 1.275951 2.031219 2.15598 0.001063334 0.001002607 0.001284407 scaffold_6
883 59 6 6:110993563 110993563 8 A C 0.054 6.691045 1.750725 1.967817 2.066843 0.0001663387 0.0001561753 0.0002371308 scaffold_6
893 96 6 6:120637521 120637521 22 A T 0.487 3.293928 0.8848831 1.960887 2.081014 0.0002426185 0.0002285788 0.0003337594 scaffold_6
899 203 6 6:132127516 132127516 5 A C 0.366 3.282409 0.9315776 1.739314 1.833405 0.0005042707 0.0005249409 0.0007474882 scaffold_6
901 553 6 6:133664222 133664222 14 A C 0.49 -2.911332 0.9080473 1.860491 1.955667 0.001516255 0.001501753 0.001901505 scaffold_6
905 34 6 6:144472928 144472928 11 C T 0.053 7.043333 1.76855 2.320965 2.458194 8.890297e-05 8.283355e-05 0.0001405274 scaffold_6
908 192 6 6:147330819 147330819 12 T C 0.222 4.165696 1.182341 1.848054 1.954444 0.0005046941 0.0004962872 0.0006864351 scaffold_6
910 889 6 6:149035570 149035570 13 C T 0.296 2.807745 0.9159112 1.943733 2.055989 0.002405533 0.002325131 0.002810933 scaffold_6
922 641 6 6:155857703 155857703 21 T C 0.137 -4.145112 1.307925 2.523816 2.7274 0.001714258 0.001724332 0.002415673 scaffold_6
923 623 6 6:156316752 156316752 8 A G 0.186 -3.186962 1.007847 2.049178 2.169624 0.00175486 0.001658964 0.002047152 scaffold_6
927 450 6 6:158385542 158385542 6 G A 0.048 8.447708 2.586851 2.03142 2.144577 0.001241259 0.001172867 0.001484176 scaffold_6
954 119 6 6:166061402 166061402 6 C T 0.284 -3.320802 0.9100864 2.127322 2.249458 0.0003191585 0.0002957636 0.0004235641 scaffold_6
959 744 6 6:169130337 169130337 19 T C 0.195 3.28515 1.057099 2.053931 2.173967 0.002098106 0.001986121 0.002420204 scaffold_6
963 125 7 7:1369420 1369420 14 G A 0.143 4.407168 1.215143 2.196679 2.374816 0.0003461623 0.0003204512 0.0004619292 scaffold_7
966 145 7 7:2142881 2142881 14 C A 0.186 -4.064513 1.133671 2.057324 2.192997 0.0004031648 0.000375399 0.000523209 scaffold_7
976 83 7 7:4083893 4083893 3 T C 0.069 5.839166 1.559629 2.080946 2.269436 0.0002237492 0.0002057573 0.0003050468 scaffold_7
984 224 7 7:5555875 5555875 23 G A 0.138 -4.379345 1.263017 1.942462 2.040182 0.000616321 0.0005893596 0.0007925945 scaffold_7
986 914 7 7:5787169 5787169 12 A G 0.091 -4.63775 1.480472 1.556216 1.658105 0.001934011 0.002379954 0.003277438 scaffold_7
990 374 7 7:7153833 7153833 9 C A 0.129 3.976779 1.188904 1.744738 1.844285 0.000946425 0.0009871821 0.001332536 scaffold_7
994 117 7 7:9533824 9533824 14 T A 0.357 -3.162149 0.8610704 1.840312 1.968666 0.0002925702 0.0002865132 0.0004143699 scaffold_7
1005 336 7 7:19229956 19229956 13 T C 0.298 -3.296401 0.9725646 1.654569 1.747332 0.0008110286 0.0009010588 0.001278412 scaffold_7
1006 615 7 7:21134883 21134883 5 T C 0.166 -3.869487 1.218753 1.906155 2.007406 0.001682044 0.001640005 0.002043636 scaffold_7
1007 379 7 7:23702590 23702590 23 C T 0.46 2.972994 0.8947424 1.884135 1.980103 0.001021533 0.0009986444 0.001298964 scaffold_7
1009 810 7 7:41069401 41069401 10 T G 0.216 -3.14487 1.018707 1.944244 2.048887 0.002243299 0.002168379 0.002636119 scaffold_7
1010 38 7 7:85914747 85914747 23 T G 0.481 3.377303 0.8528981 2.246771 2.38828 9.726872e-05 8.968353e-05 0.0001478952 scaffold_7
1011 76 7 7:105136518 105136518 16 A G 0.215 4.136718 1.093493 2.617782 2.797583 0.0001929472 0.000196986 0.0003464114 scaffold_7
1013 603 7 7:109345620 109345620 14 G C 0.465 3.378858 1.066135 2.230996 2.382922 0.001714085 0.001616839 0.002055149 scaffold_7
1015 998 7 7:112826231 112826231 16 T A 0.382 2.63563 0.8694947 1.978506 2.093007 0.002685524 0.002577464 0.003086521 scaffold_7
1017 286 7 7:116409613 116409613 7 A C 0.48 -3.061723 0.9047695 2.184752 2.311532 0.0008264718 0.0007733864 0.001027471 scaffold_7
1021 146 7 7:124369904 124369904 14 C T 0.453 3.042225 0.8456535 1.855534 1.949458 0.0003855716 0.0003774353 0.0005366153 scaffold_7
1025 628 7 7:130355131 130355131 6 A G 0.091 -4.518406 1.432369 2.123531 2.253948 0.001799733 0.001692452 0.002099563 scaffold_7
1029 282 7 7:132719873 132719873 13 A C 0.218 -3.652564 1.07644 1.951931 2.064457 0.00080035 0.0007644663 0.001003338 scaffold_7
1033 509 7 7:138631229 138631229 15 G A 0.228 -3.313809 1.028105 2.256098 2.401332 0.00143204 0.001354078 0.001750401 scaffold_7
1037 410 7 7:143291245 143291245 18 T G 0.098 -4.809372 1.441017 1.657251 1.748614 0.0009709885 0.001078914 0.001506529 scaffold_7
1047 24 7 7:153889635 153889635 21 T C 0.371 3.741952 0.8995712 1.953847 2.064815 4.352819e-05 4.044944e-05 7.124075e-05 scaffold_7
1056 574 7 7:160287309 160287309 7 G C 0.153 -3.945274 1.239469 2.046765 2.17365 0.001637559 0.00154681 0.001918663 scaffold_7
1061 356 7 7:162993373 162993373 10 T C 0.212 -3.419519 1.006787 1.573876 1.661772 0.0007912316 0.0009469473 0.001403284 scaffold_7
1066 133 7 7:165295635 165295635 18 A G 0.077 -5.612646 1.547861 1.835748 1.932014 0.0003471915 0.0003422796 0.0004925126 scaffold_7
1072 56 7 7:167649263 167649263 3 A G 0.227 3.859849 0.9966545 1.67522 1.751493 0.000136678 0.0001468577 0.000248178 scaffold_7
1075 436 7 7:168615127 168615127 21 A G 0.207 3.475361 1.056702 1.842853 1.944524 0.001147001 0.001139895 0.001477251 scaffold_7
1094 772 7 7:174572189 174572189 20 G C 0.05 -6.325299 2.032706 1.866615 1.969729 0.00207052 0.002050414 0.002530478 scaffold_7
1113 223 8 8:4956872 4956872 11 A T 0.257 -3.235746 0.9349399 2.114491 2.238866 0.0006306029 0.0005881807 0.0007910554 scaffold_8
1119 735 8 8:7796654 7796654 8 C T 0.458 2.601559 0.8361004 2.033697 2.172557 0.002072035 0.001962599 0.002393196 scaffold_8
1145 546 8 8:21212608 21212608 20 G A 0.168 3.680877 1.145935 1.849363 1.96038 0.0014863 0.001475398 0.001867199 scaffold_8
1149 768 8 8:26875443 26875443 6 T C 0.266 3.151932 0.9989123 1.638172 1.730323 0.001794603 0.002040122 0.002743435 scaffold_8
1150 185 8 8:37656306 37656306 10 C T 0.091 -6.670839 1.854527 1.544416 1.63874 0.0003861759 0.0004724225 0.0007492949 scaffold_8
1151 26 8 8:61353683 61353683 7 C T 0.157 -4.925144 1.188727 1.621888 1.702446 4.656903e-05 5.168614e-05 9.88329e-05 scaffold_8
1152 783 8 8:72452077 72452077 21 A G 0.329 2.892898 0.9275864 1.772952 1.866324 0.002023905 0.002094091 0.002663792 scaffold_8
1153 300 8 8:81164378 81164378 21 A T 0.051 -6.556705 1.943799 2.224767 2.368683 0.0008582501 0.0008046103 0.001076078 scaffold_8
1155 309 8 8:96051600 96051600 1 A G 0.148 -4.251828 1.258432 1.871611 1.979309 0.0008418982 0.0008244565 0.001087284 scaffold_8
1156 435 8 8:97348327 97348327 14 T C 0.039 7.253683 2.213297 2.314584 2.457389 0.001192998 0.001136376 0.001514672 scaffold_8
1157 41 8 8:102836255 102836255 10 T C 0.47 3.440069 0.8745133 1.938702 2.050063 0.0001077873 0.0001013879 0.0001612035 scaffold_8
1158 375 8 8:105397009 105397009 16 A C 0.122 -4.914682 1.472062 1.783822 1.875999 0.0009671395 0.0009881925 0.001318103 scaffold_8
1160 177 8 8:112035409 112035409 16 T C 0.219 3.59727 1.01328 1.811737 1.912529 0.0004580718 0.0004573904 0.0006444324 scaffold_8
1161 864 8 8:116385073 116385073 15 A C 0.13 3.732559 1.212464 1.871319 1.980031 0.00230687 0.002280584 0.002789604 scaffold_8
1164 358 8 8:121658372 121658372 11 A G 0.46 -2.829264 0.8364701 1.618317 1.71134 0.0008310805 0.0009529686 0.001365909 scaffold_8
1165 196 8 8:123302928 123302928 11 T C 0.391 -3.176283 0.9045248 1.940669 2.043154 0.0005263842 0.0005025611 0.0006849063 scaffold_8
1166 254 8 8:124831208 124831208 13 C T 0.253 -3.286424 0.9597745 1.995804 2.111037 0.0007180151 0.0006785987 0.0008973152 scaffold_8
1167 394 8 8:130558422 130558422 11 G C 0.287 3.061485 0.9113854 1.620703 1.704263 0.0009009301 0.001032646 0.001491918 scaffold_8
1168 422 8 8:133161004 133161004 18 G A 0.429 2.725178 0.8266206 1.836017 1.949969 0.001116532 0.001111335 0.001438582 scaffold_8
1178 5 8 8:151145817 151145817 7 G C 0.301 -4.525019 1.020997 1.864461 1.955839 1.385881e-05 1.310763e-05 2.699561e-05 scaffold_8
1179 213 8 8:152566408 152566408 7 G A 0.124 -4.509488 1.298147 2.025637 2.154861 0.0006024132 0.0005651829 0.0007588387 scaffold_8
1181 972 8 8:157011631 157011631 24 T C 0.077 4.915859 1.620523 2.160119 2.27916 0.002666011 0.002521434 0.003053067 scaffold_8
1184 507 8 8:159202405 159202405 12 T C 0.152 -4.184415 1.282935 1.704916 1.798102 0.001258345 0.001353083 0.001808318 scaffold_8
1186 49 8 8:160415052 160415052 6 T C 0.06 7.195199 1.850071 2.110002 2.234817 0.0001282759 0.0001179048 0.0001846755 scaffold_8
1190 785 8 8:162998524 162998524 19 G T 0.316 -2.978807 0.9614675 1.917931 2.03082 0.002164106 0.002105152 0.00256834 scaffold_8
1207 759 8 8:168691613 168691613 3 A G 0.02 -9.004365 2.898666 1.974249 2.073712 0.00210716 0.002022986 0.002465818 scaffold_8
1211 72 8 8:169546743 169546743 18 G T 0.496 3.251354 0.8540702 1.704769 1.792777 0.0001761596 0.0001855857 0.0002973656 scaffold_8
1241 90 9 9:2213905 2213905 3 T C 0.294 -3.445116 0.9205643 1.939185 2.042268 0.0002250623 0.0002132471 0.0003145731 scaffold_9
1242 808 9 9:2626832 2626832 9 A G 0.297 2.863151 0.9211941 1.779853 1.876567 0.002095495 0.002160652 0.00272493 scaffold_9
1247 595 9 9:4653087 4653087 11 T G 0.368 -2.814332 0.8832521 1.87799 1.97556 0.001619741 0.001593635 0.002002869 scaffold_9
1254 600 9 9:7617099 7617099 9 C T 0.438 2.772367 0.8709935 1.877157 1.983785 0.001637784 0.001611027 0.002017319 scaffold_9
1263 51 9 9:11081423 11081423 19 G A 0.14 -4.80712 1.236751 1.970262 2.091506 0.000129404 0.0001209273 0.0001881895 scaffold_9
1266 39 9 9:12028085 12028085 19 T C 0.132 -5.126106 1.289528 1.776879 1.881078 9.153382e-05 9.156454e-05 0.0001519052 scaffold_9
1269 866 9 9:13468274 13468274 5 G C 0.2 -3.089153 1.004257 1.881597 1.993445 0.00232508 0.002289139 0.002792915 scaffold_9
1271 40 9 9:14994845 14994845 7 A G 0.078 -5.993115 1.496351 1.59099 1.673915 8.126998e-05 9.325726e-05 0.000171348 scaffold_9
1272 283 9 9:15598419 15598419 21 T C 0.276 -3.524448 1.039268 2.32042 2.451475 0.0008056986 0.0007665873 0.00105262 scaffold_9
1276 174 9 9:17482172 17482172 21 C G 0.021 10.20639 2.887393 2.051802 2.172053 0.0004841266 0.0004521933 0.0006193366 scaffold_9
1282 198 9 9:20461365 20461365 7 A G 0.454 -3.093062 0.8808705 1.874086 1.978304 0.0005267228 0.0005132105 0.0007044755 scaffold_9
1285 229 9 9:22177673 22177673 18 T C 0.056 -6.560755 1.901882 2.196256 2.316968 0.0006563608 0.0006140284 0.0008318354 scaffold_9
1288 255 9 9:25939173 25939173 19 G A 0.291 3.565356 1.025858 1.618159 1.713143 0.0005987797 0.0006843013 0.0009992186 scaffold_9
1289 173 9 9:26596642 26596642 9 G T 0.205 3.880925 1.080897 1.619041 1.706498 0.0003955873 0.0004499037 0.0006889266 scaffold_9
1291 304 9 9:48766692 48766692 23 A T 0.14 6.029157 1.780565 1.844456 1.929106 0.0008204155 0.000814227 0.001086323 scaffold_9
1292 103 9 9:92108172 92108172 13 G A 0.373 -3.42608 0.9270133 1.945717 2.041863 0.0002680606 0.0002541809 0.0003687235 scaffold_9
1293 645 9 9:93552893 93552893 7 A C 0.43 2.73841 0.8699947 2.07819 2.196435 0.001841 0.001737652 0.002139957 scaffold_9
1294 187 9 9:97202910 97202910 10 T C 0.292 -3.299845 0.9337492 1.822965 1.918933 0.0004855927 0.0004830556 0.0006759109 scaffold_9
1296 311 9 9:104360672 104360672 18 A G 0.092 -5.235488 1.555737 2.014799 2.130584 0.0008820083 0.0008328754 0.001082627 scaffold_9
1301 69 9 9:116262749 116262749 15 G A 0.274 -3.884888 1.022965 1.774419 1.8572 0.0001824745 0.0001844327 0.0002882382 scaffold_9
1306 199 9 9:126594919 126594919 23 T C 0.187 -3.754391 1.065766 1.776323 1.874811 0.0005056831 0.000514831 0.0007253064 scaffold_9
1316 579 9 9:138810769 138810769 7 T C 0.026 8.812858 2.762425 1.904513 2.002813 0.001598697 0.001559292 0.001951767 scaffold_9
1336 635 9 9:147769018 147769018 21 A G 0.162 -3.557817 1.126737 1.975242 2.089411 0.001781242 0.001704184 0.002100225 scaffold_9
1338 29 9 9:148751872 148751872 9 A G 0.068 7.001295 1.718444 1.868926 1.964013 6.162713e-05 5.900251e-05 0.0001008684 scaffold_9
1345 847 9 9:151214005 151214005 4 G A 0.291 2.883168 0.9347074 1.868337 1.974592 0.002261919 0.002238952 0.002745112 scaffold_9
1355 337 9 9:153431400 153431400 5 C G 0.457 -2.840309 0.8422289 1.735572 1.828484 0.0008605466 0.0009026345 0.00123554 scaffold_9
1358 552 9 9:154042586 154042586 15 A G 0.082 4.811996 1.502938 1.91122 2.020532 0.001538788 0.001495047 0.001871984 scaffold_9
1409 561 10 10:18926011 18926011 19 A C 0.324 -3.128159 0.9811735 2.215998 2.339859 0.001609797 0.001519891 0.001926851 scaffold_10
1410 114 10 10:24795108 24795108 14 A G 0.037 8.877259 2.416674 1.883668 1.969427 0.0002914948 0.0002821058 0.0004096197 scaffold_10
1411 128 10 10:49784953 49784953 8 T C 0.07 6.493468 1.795892 2.166009 2.285412 0.0003606292 0.0003349992 0.0004763551 scaffold_10
1412 60 10 10:72594407 72594407 4 T C 0.49 5.807634 1.514638 1.806214 1.920659 0.0001585618 0.0001569917 0.0002431708 scaffold_10
1413 107 10 10:77701025 77701025 18 A G 0.044 7.675213 2.084414 1.960426 2.068214 0.0002820455 0.0002663779 0.000383664 scaffold_10
1414 983 10 10:81972513 81972513 15 C T 0.461 2.695794 0.8855464 1.873984 1.975061 0.0025761 0.002549523 0.003099032 scaffold_10
1416 819 10 10:87189775 87189775 19 C T 0.276 -2.933703 0.9496062 1.881972 1.988961 0.002226837 0.002192828 0.002685169 scaffold_10
1417 193 10 10:91794512 91794512 18 G A 0.271 3.430085 0.9770527 1.998652 2.114884 0.0005280959 0.000497562 0.0006754851 scaffold_10
1418 480 10 10:100013438 100013438 3 A C 0.012 11.30836 3.482448 1.935345 2.040791 0.001320876 0.001273145 0.001609591 scaffold_10
1419 413 10 10:111449362 111449362 14 T C 0.475 2.806508 0.853785 2.258259 2.396894 0.001153819 0.001089947 0.001431406 scaffold_10
1420 106 10 10:113849438 113849438 8 A C 0.106 -5.010406 1.358834 2.215554 2.346986 0.000276746 0.0002569562 0.0003782893 scaffold_10
1421 867 10 10:117591546 117591546 4 A C 0.415 2.821109 0.912388 1.770847 1.867942 0.002208009 0.002289603 0.002880976 scaffold_10
1422 165 10 10:119973245 119973245 13 T C 0.28 -3.538756 0.978329 1.601187 1.684187 0.0003587681 0.0004145012 0.0006502829 scaffold_10
1423 124 10 10:121870805 121870805 6 C T 0.302 -3.400527 0.9373096 2.073162 2.199596 0.0003447721 0.0003204484 0.0004533472 scaffold_10
1424 829 10 10:125353179 125353179 10 T C 0.19 3.233419 1.048807 1.917712 2.028032 0.002273795 0.002212555 0.002692289 scaffold_10
1425 169 10 10:126488562 126488562 16 G C 0.178 -3.727867 1.049543 1.976203 2.100074 0.0004551424 0.0004295445 0.0005909996 scaffold_10
1427 913 10 10:130165294 130165294 14 G A 0.139 3.753399 1.226454 1.924197 2.030191 0.002445827 0.002377543 0.002879383 scaffold_10
1431 438 10 10:132985856 132985856 14 T C 0.426 -2.947013 0.9004318 2.034521 2.151729 0.00121109 0.001143618 0.001450088 scaffold_10
1437 323 10 10:136460780 136460780 20 C A 0.397 -2.926201 0.8685399 1.862761 1.974163 0.0008703731 0.0008550474 0.001125163 scaffold_10
1444 806 10 10:140163135 140163135 8 A G 0.402 2.741627 0.8840772 1.829004 1.935665 0.002143592 0.002155942 0.002669457 scaffold_10
1451 630 10 10:142498804 142498804 0 G A 0.109 5.906077 1.870869 2.008726 2.159004 0.001785749 0.001693716 0.002086145 scaffold_10
1456 208 10 10:144109326 144109326 1 A G 0.189 3.986617 1.1355 1.794624 1.889201 0.0005276301 0.0005328072 0.000743733 scaffold_10
1459 654 10 10:145377607 145377607 3 T C 0.218 3.468163 1.090818 1.725536 1.822958 0.001657351 0.001761556 0.002288014 scaffold_10
1466 183 10 10:147015386 147015386 14 T C 0.352 -3.206973 0.8946182 1.595349 1.676295 0.0004039414 0.0004698895 0.0007384125 scaffold_10
