17 435 1 1:6427842 6427842 7 C A 0.22 -0.6996023 0.2080398 1.303824 1.410312 0.0008890503 0.0008763061 0.001151714 scaffold_1
39 583 1 1:17668529 17668529 11 T C 0.403 -0.6060945 0.1762872 0.8201437 0.8757898 0.0006831924 0.001224518 0.002363428 scaffold_1
48 690 1 1:25637542 25637542 16 C T 0.113 -0.9182031 0.2848559 1.238346 1.33619 0.00143054 0.001465532 0.001889462 scaffold_1
54 237 1 1:30297501 30297501 11 T C 0.181 0.8059284 0.2198909 0.8757769 0.9378446 0.0003002988 0.0004687409 0.0009046728 scaffold_1
55 396 1 1:30537580 30537580 8 T C 0.486 0.5953585 0.1758378 1.367224 1.497956 0.0008206859 0.0007880999 0.001030949 scaffold_1
59 937 1 1:35056769 35056769 10 A G 0.169 0.7448903 0.239492 1.329769 1.449138 0.002079621 0.002041241 0.002501777 scaffold_1
60 96 1 1:35656827 35656827 9 C < 0.284 0.8141937 0.2164739 1.634422 1.792637 0.0002094795 0.0001928805 0.0002925821 scaffold_1
63 5 1 1:40130373 40130373 22 A G 0.186 1.032759 0.2336551 1.567405 1.720039 1.456846e-05 1.307107e-05 2.665008e-05 scaffold_1
67 372 1 1:45442047 45442047 12 G A 0.162 0.8532277 0.2506628 1.424521 1.545657 0.0007705304 0.0007292821 0.0009577094 scaffold_1
68 375 1 1:47694074 47694074 14 T G 0.282 -0.7385289 0.2161402 1.262718 1.366473 0.0007361614 0.0007390115 0.000993788 scaffold_1
78 400 1 1:62144695 62144695 6 T C 0.136 0.8486989 0.2479832 1.125451 1.225115 0.0007220511 0.0007975999 0.001122935 scaffold_1
82 197 1 1:71341314 71341314 9 A G 0.148 0.9302897 0.2597873 1.362961 1.470472 0.0004092593 0.000391758 0.0005459425 scaffold_1
87 917 1 1:82024103 82024103 12 T G 0.156 -0.7793629 0.2509052 1.460798 1.576937 0.002107523 0.002001144 0.002433643 scaffold_1
91 671 1 1:93086135 93086135 7 T C 0.405 -0.589959 0.1841445 1.479249 1.615664 0.001527574 0.001440674 0.001795313 scaffold_1
92 385 1 1:93808084 93808084 13 T C 0.132 1.060092 0.2934743 0.7641648 0.8164988 0.000365062 0.0007534712 0.001491916 scaffold_1
93 330 1 1:103528941 103528941 1 A G 0.072 1.394078 0.4059962 1.497321 1.626463 0.0006938446 0.0006491938 0.0008616895 scaffold_1
94 431 1 1:120369687 120369687 7 C G 0.282 -0.7015288 0.201237 0.8991705 0.9665634 0.0005762427 0.0008669214 0.001454844 scaffold_1
95 204 1 1:148239421 148239421 0 G C 0.245 0.7372019 0.2039371 1.092577 1.182946 0.0003615503 0.000409645 0.0006226964 scaffold_1
96 370 1 1:159500421 159500421 25 T C 0.175 0.7946053 0.2337654 1.557162 1.714235 0.000783388 0.0007291051 0.0009661514 scaffold_1
97 610 1 1:162606876 162606876 19 C T 0.198 -0.7329484 0.2250531 1.277681 1.378007 0.001278406 0.001279855 0.001649832 scaffold_1
109 989 1 1:190584354 190584354 17 T C 0.39 0.5831629 0.1848277 1.051055 1.132244 0.001794976 0.002169924 0.003022495 scaffold_1
110 704 1 1:191555818 191555818 19 A G 0.027 1.800259 0.5641613 1.574259 1.694908 0.001593872 0.001498225 0.001876223 scaffold_1
113 194 1 1:195182987 195182987 18 C T 0.241 -0.7586682 0.2116933 1.355739 1.465157 0.0004050413 0.00038865 0.0005421484 scaffold_1
117 545 1 1:198842945 198842945 2 G A 0.181 0.8355537 0.2430346 0.8586121 0.9096634 0.0006834452 0.001121954 0.002080851 scaffold_1
121 285 1 1:203305008 203305008 22 T A 0.032 -1.744845 0.4995782 1.242967 1.335455 0.0005629138 0.0005701518 0.0007932507 scaffold_1
122 647 1 1:205262987 205262987 9 G C 0.072 1.271826 0.3640971 0.7154837 0.7514556 0.0005619893 0.001364897 0.003258527 scaffold_1
127 91 1 1:210809566 210809566 19 A T 0.383 -0.7538207 0.1988406 1.353013 1.475125 0.0001869666 0.000178028 0.0002669697 scaffold_1
131 12 1 1:215661366 215661366 6 G A 0.466 0.7425773 0.1750244 1.350848 1.458496 3.085312e-05 2.893351e-05 5.320827e-05 scaffold_1
133 532 1 1:219241118 219241118 20 T C 0.015 -2.233052 0.6767372 1.975197 2.29962 0.001104734 0.001094771 0.001645343 scaffold_1
135 107 1 1:222187043 222187043 22 C T 0.135 -0.9728365 0.2605604 1.497536 1.648164 0.000232439 0.0002147578 0.0003154147 scaffold_1
139 135 1 1:227313464 227313464 12 A C 0.142 0.983812 0.2647988 1.166068 1.272808 0.0002490042 0.0002628034 0.000398201 scaffold_1
145 543 1 1:237807937 237807937 21 T A 0.086 1.132532 0.3456621 1.566188 1.719088 0.001196086 0.001118432 0.00143336 scaffold_1
147 24 1 1:241892069 241892069 8 T C 0.127 -1.054699 0.2561404 1.450611 1.564054 5.162426e-05 4.748625e-05 8.170788e-05 scaffold_1
150 186 1 1:246468082 246468082 10 C G 0.289 0.7271561 0.2021608 1.435966 1.567705 0.0003861025 0.0003622236 0.000505133 scaffold_1
153 748 1 1:252437559 252437559 4 T C 0.288 0.6675313 0.2064804 1.090994 1.17717 0.00138558 0.001597406 0.002191812 scaffold_1
154 546 1 1:253209620 253209620 15 G T 0.184 0.7448874 0.2272274 1.457255 1.576082 0.001189024 0.001123553 0.001425145 scaffold_1
155 75 1 1:254446547 254446547 14 A C 0.382 0.7326537 0.1856547 0.9183376 0.9961849 0.0001024711 0.0001452876 0.0002761948 scaffold_1
156 249 1 1:254593407 254593407 13 G A 0.272 -0.7017398 0.1996453 1.383178 1.505356 0.0005197023 0.0004950212 0.0006730965 scaffold_1
162 484 1 1:261473495 261473495 15 G A 0.299 0.6732719 0.2027249 1.418949 1.534694 0.001026729 0.0009765154 0.001253208 scaffold_1
169 777 1 1:272940001 272940001 17 A C 0.31 -0.6925344 0.2168132 2.095552 2.303589 0.001577426 0.001662211 0.002550191 scaffold_1
170 566 1 1:273372426 273372426 10 T C 0.307 0.6241927 0.1909556 1.394889 1.514933 0.001227471 0.001174782 0.001487975 scaffold_1
172 495 1 1:275115382 275115382 16 A C 0.189 -0.7681115 0.2315632 1.369111 1.481413 0.001041067 0.001002884 0.00128982 scaffold_1
182 498 1 1:283262329 283262329 11 T G 0.016 2.098843 0.6339518 1.406773 1.540573 0.001063945 0.001011158 0.001293866 scaffold_1
189 347 1 1:288936221 288936221 16 C T 0.352 0.6850406 0.2005554 1.582502 1.743222 0.0007392203 0.0006874915 0.0009190902 scaffold_1
211 41 1 1:301218192 301218192 25 T C 0.049 -1.559122 0.3883471 1.164408 1.241738 7.813717e-05 8.183411e-05 0.0001443981 scaffold_1
214 286 2 2:847726 847726 7 A G 0.101 1.041078 0.2999472 1.431546 1.563701 0.0006083233 0.0005734267 0.0007680224 scaffold_2
221 337 2 2:2479780 2479780 19 G A 0.302 0.6787889 0.1971131 1.246267 1.351995 0.0006699448 0.0006773642 0.000921777 scaffold_2
233 879 2 2:5820482 5820482 19 T C 0.31 0.5988686 0.1912224 1.362787 1.469319 0.001938443 0.001882051 0.002315212 scaffold_2
234 409 2 2:6155343 6155343 13 A T 0.197 -0.7635412 0.2249498 1.230694 1.323345 0.0007968734 0.0008155921 0.001106863 scaffold_2
237 856 2 2:7278594 7278594 18 A G 0.039 1.497208 0.4748312 1.267163 1.375203 0.001807048 0.001824955 0.002286028 scaffold_2
241 137 2 2:9020783 9020783 25 T C 0.44 0.6745674 0.1834468 1.497076 1.656575 0.0002871425 0.000265616 0.0003824123 scaffold_2
245 161 2 2:10613717 10613717 18 T C 0.174 0.8962377 0.2438539 1.157355 1.235825 0.0002891539 0.0003086955 0.0004756249 scaffold_2
246 2 2 2:10789364 10789364 24 C T 0.106 1.440775 0.2986912 1.088977 1.166962 2.417763e-06 2.61479e-06 7.376325e-06 scaffold_2
251 340 2 2:12807715 12807715 13 T C 0.075 1.153581 0.3374645 1.584479 1.724371 0.000732343 0.0006822658 0.0009114763 scaffold_2
253 70 2 2:13411290 13411290 14 A G 0.253 0.7970411 0.2051624 1.205243 1.298524 0.0001302784 0.0001330552 0.0002148209 scaffold_2
256 860 2 2:15139202 15139202 24 A C 0.423 -0.5777854 0.1842509 1.411435 1.526632 0.001912719 0.001831205 0.002243826 scaffold_2
259 474 2 2:16861557 16861557 5 G A 0.409 0.5858273 0.1758849 1.410678 1.531272 0.000993287 0.0009453491 0.001216497 scaffold_2
263 310 2 2:18417244 18417244 23 C T 0.112 -0.9621942 0.2777851 1.327651 1.438222 0.0006237853 0.000606562 0.0008173623 scaffold_2
267 538 2 2:21187624 21187624 8 A G 0.044 -1.338696 0.4040873 1.187139 1.282168 0.001056103 0.001115366 0.001495695 scaffold_2
268 289 2 2:22218933 22218933 9 C T 0.378 -0.634904 0.1831398 1.489572 1.615001 0.0006172541 0.0005772295 0.0007734102 scaffold_2
272 273 2 2:25436009 25436009 14 A G 0.247 0.7515116 0.2133336 1.136706 1.228863 0.0005053802 0.0005513856 0.0007994725 scaffold_2
278 894 2 2:31775750 31775750 12 C G 0.196 0.7059347 0.2247083 1.242437 1.351246 0.001877252 0.001921295 0.002414714 scaffold_2
283 298 2 2:40055588 40055588 11 G A 0.395 0.648211 0.1865353 1.91259 2.100226 0.0005994487 0.0005879741 0.0008823993 scaffold_2
286 129 2 2:48736884 48736884 9 G C 0.33 -0.7543765 0.2044145 1.473467 1.588487 0.000273315 0.0002544812 0.0003667769 scaffold_2
290 483 2 2:71361517 71361517 4 T C 0.247 -0.6803147 0.2047413 1.397731 1.506796 0.001020782 0.0009754865 0.001254477 scaffold_2
291 345 2 2:83024184 83024184 8 A G 0.44 0.6699607 0.1882528 0.8829883 0.9353831 0.0004435503 0.0006874404 0.001278131 scaffold_2
292 264 2 2:124920365 124920365 12 G A 0.298 0.6855975 0.1965063 1.501714 1.621816 0.0005704087 0.0005327597 0.000719006 scaffold_2
294 771 2 2:140958308 140958308 25 A G 0.299 0.64278 0.201879 1.975213 2.194328 0.001631675 0.001644107 0.002352056 scaffold_2
295 697 2 2:151338492 151338492 8 A G 0.122 0.828712 0.2588751 1.378457 1.485317 0.001540778 0.001485647 0.001854991 scaffold_2
297 115 2 2:160621462 160621462 9 C T 0.076 1.299347 0.3486789 1.3219 1.426704 0.0002387742 0.000230844 0.0003399677 scaffold_2
302 743 2 2:178826281 178826281 21 T G 0.179 0.7992974 0.2472824 1.101303 1.19536 0.001388272 0.001581544 0.002153069 scaffold_2
305 49 2 2:183069392 183069392 20 T C 0.098 1.202898 0.3005371 2.35867 2.666247 8.205125e-05 9.327248e-05 0.0002118816 scaffold_2
307 997 2 2:184911563 184911563 21 G A 0.433 -0.5944631 0.1926138 1.3561 1.452123 0.002248399 0.002194631 0.00267825 scaffold_2
310 594 2 2:187764298 187764298 23 C T 0.108 -0.9414954 0.2888229 1.323179 1.426114 0.001265548 0.001242024 0.001585357 scaffold_2
314 438 2 2:190618402 190618402 18 C T 0.199 -0.7429838 0.2187002 1.116288 1.199896 0.0007885709 0.0008812676 0.001254742 scaffold_2
315 853 2 2:191808921 191808921 22 G C 0.287 -0.6116938 0.1934106 1.217378 1.310571 0.001751088 0.001820889 0.002341134 scaffold_2
316 238 2 2:192971149 192971149 1 T C 0.448 -1.056661 0.2984287 1.972636 2.178003 0.0004735568 0.0004711102 0.0007479536 scaffold_2
320 873 2 2:196734223 196734223 5 A G 0.392 0.5845995 0.1846066 1.158819 1.260106 0.001727729 0.001873515 0.002429534 scaffold_2
321 959 2 2:198470093 198470093 15 G A 0.178 -0.7168431 0.2298331 1.230473 1.335729 0.002021515 0.002085641 0.002620939 scaffold_2
322 6 2 2:200157877 200157877 25 G A 0.348 -0.8222582 0.1873419 1.356599 1.44583 1.663507e-05 1.550634e-05 3.094907e-05 scaffold_2
323 113 2 2:203394534 203394534 7 T C 0.054 1.525548 0.4095698 1.530379 1.661321 0.0002403332 0.0002220381 0.0003255357 scaffold_2
342 300 2 2:217553892 217553892 11 C T 0.212 0.7368646 0.2131491 1.570036 1.75011 0.0006389466 0.0005916894 0.0008015073 scaffold_2
343 53 2 2:218017812 218017812 14 T C 0.239 0.8173475 0.2059838 1.162884 1.26094 9.407042e-05 9.861465e-05 0.0001664172 scaffold_2
344 675 2 2:219578074 219578074 21 C T 0.105 0.984305 0.3072654 1.71199 1.884193 0.001529344 0.001444317 0.001887648 scaffold_2
345 654 2 2:219962687 219962687 15 A C 0.094 1.04378 0.3240373 1.37026 1.502561 0.001441238 0.001386434 0.001736333 scaffold_2
363 638 2 2:233052256 233052256 14 C T 0.357 -0.6085607 0.1888532 1.57757 1.710839 0.001435318 0.001346341 0.001702049 scaffold_2
366 244 2 2:234150931 234150931 18 G A 0.49 -0.7050907 0.1999826 1.375662 1.476195 0.0004998583 0.000477769 0.0006541224 scaffold_2
369 308 2 2:235384256 235384256 25 G A 0.182 0.8145862 0.2356536 1.424 1.554111 0.000639692 0.0006038365 0.0008053394 scaffold_2
370 895 2 2:235677157 235677157 18 A G 0.268 -0.6305635 0.2023989 1.675113 1.847635 0.002044925 0.0019294 0.002434467 scaffold_2
371 486 2 2:236199531 236199531 18 A G 0.139 -0.8519084 0.2568354 1.462241 1.609309 0.00104152 0.0009793248 0.001256338 scaffold_2
372 76 2 2:236715449 236715449 14 A G 0.133 -0.9817501 0.2545971 1.210761 1.314221 0.00014568 0.0001482578 0.0002345816 scaffold_2
430 16 3 3:23715416 23715416 21 A G 0.011 3.590445 0.8546793 1.512541 1.627141 3.66922e-05 3.339054e-05 5.999455e-05 scaffold_3
431 727 3 3:24471766 24471766 22 T C 0.097 -0.9669602 0.3024944 1.309593 1.409737 0.001564495 0.001548059 0.001949744 scaffold_3
432 10 3 3:28618335 28618335 13 A G 0.146 1.081863 0.254341 1.3577 1.465305 2.94844e-05 2.758796e-05 5.097361e-05 scaffold_3
433 553 3 3:29520944 29520944 14 T C 0.047 -1.26274 0.3858656 1.55738 1.697361 0.001212147 0.001133754 0.001449427 scaffold_3
434 463 3 3:43473360 43473360 21 G C 0.29 -0.6914984 0.2069837 1.373172 1.466328 0.0009593333 0.0009242202 0.001199593 scaffold_3
435 735 3 3:44357514 44357514 16 G A 0.385 0.6037801 0.1898228 1.443188 1.551105 0.001649271 0.001569099 0.001941933 scaffold_3
437 60 3 3:92550900 92550900 18 A C 0.243 0.8422656 0.2162799 1.768398 1.899031 0.0001255989 0.0001176178 0.0001943684 scaffold_3
438 198 3 3:122927267 122927267 23 A G 0.015 -2.533552 0.698902 1.087371 1.17258 0.0003482495 0.0003959409 0.0006263625 scaffold_3
439 362 3 3:130177165 130177165 21 A C 0.214 0.8723235 0.2554494 1.364165 1.47943 0.000741451 0.0007132165 0.0009425 scaffold_3
440 58 3 3:131538554 131538554 14 G A 0.32 -0.7892405 0.2013957 1.85748 2.018811 0.0001141338 0.000108726 0.0001871731 scaffold_3
441 414 3 3:137557279 137557279 12 A C 0.397 -0.6328561 0.1881056 1.45748 1.571539 0.0008843253 0.0008337535 0.001082603 scaffold_3
447 825 3 3:156525422 156525422 14 T C 0.155 0.7689238 0.2437201 1.335675 1.440691 0.001796306 0.001759545 0.002184178 scaffold_3
448 299 3 3:157459013 157459013 15 T C 0.029 -1.892952 0.5467973 1.721708 1.903381 0.0006280447 0.0005891777 0.0008267497 scaffold_3
450 693 3 3:159458037 159458037 7 C T 0.31 -0.6750571 0.2082454 1.149203 1.226985 0.001345422 0.001469398 0.002006453 scaffold_3
457 616 3 3:169396453 169396453 4 A G 0.488 0.5611475 0.1729916 1.345047 1.45667 0.001335745 0.001300016 0.00164419 scaffold_3
458 652 3 3:169919224 169919224 11 G A 0.19 -0.7366047 0.2256992 1.132931 1.219267 0.00124899 0.001380885 0.001888537 scaffold_3
466 846 3 3:178461131 178461131 11 C G 0.054 -1.348562 0.4227585 1.115339 1.184404 0.001599843 0.001807701 0.002472768 scaffold_3
468 867 3 3:179464592 179464592 6 C T 0.435 -0.57021 0.1821015 1.441544 1.567305 0.001941713 0.001847287 0.00225913 scaffold_3
471 27 3 3:181810478 181810478 8 T G 0.351 -0.7591531 0.1844006 1.279233 1.369199 5.179033e-05 5.032209e-05 8.833778e-05 scaffold_3
472 13 3 3:183630389 183630389 6 G C 0.419 -0.7488863 0.1751405 1.086694 1.182338 2.685659e-05 2.977901e-05 5.902763e-05 scaffold_3
473 368 3 3:184829541 184829541 15 A G 0.117 -1.040946 0.3049926 1.354299 1.451223 0.00074625 0.0007214142 0.0009567997 scaffold_3
475 425 3 3:186898108 186898108 18 T G 0.247 -0.7336958 0.2157182 1.142214 1.234662 0.0007778694 0.0008487613 0.00118173 scaffold_3
476 569 3 3:187982933 187982933 11 A G 0.425 -0.6005567 0.1811235 1.104077 1.194904 0.001045865 0.001185389 0.00164366 scaffold_3
479 711 3 3:194105095 194105095 6 T C 0.294 0.6496455 0.2037531 1.66892 1.835739 0.001607937 0.001514032 0.001937851 scaffold_3
497 883 3 3:209886595 209886595 22 A G 0.184 -0.7980279 0.2550715 1.371331 1.494247 0.001958539 0.001895634 0.002321735 scaffold_3
498 48 3 3:210831741 210831741 8 G A 0.261 0.7732463 0.1958652 1.602788 1.75366 0.0001018586 9.31535e-05 0.0001510006 scaffold_3
502 593 3 3:213885481 213885481 7 A C 0.49 -0.5681032 0.1740378 1.287757 1.39345 0.001246481 0.001240835 0.001595411 scaffold_3
504 855 3 3:215100418 215100418 20 T C 0.291 0.6282793 0.2003305 1.42013 1.55802 0.001910508 0.001822242 0.002230862 scaffold_3
507 935 3 3:216387259 216387259 2 C T 0.074 -1.042248 0.331009 1.132007 1.218206 0.001833669 0.002038513 0.002700197 scaffold_3
508 636 3 3:217218115 217218115 15 G A 0.039 -1.505922 0.4665388 1.749588 1.916597 0.001409263 0.001340971 0.001773475 scaffold_3
511 799 3 3:218429986 218429986 21 T G 0.393 0.6386513 0.2025006 1.427983 1.564544 0.001802965 0.001716972 0.002110701 scaffold_3
518 326 3 3:222666360 222666360 22 A G 0.464 0.6456731 0.1860409 1.189786 1.284477 0.0006089186 0.0006385328 0.0008924085 scaffold_3
521 577 3 3:223836841 223836841 10 A G 0.147 0.9275276 0.2684281 0.8018655 0.8585295 0.0006426585 0.001205489 0.002304713 scaffold_3
524 321 3 3:225392193 225392193 4 G A 0.198 0.7856244 0.2280331 1.419293 1.546966 0.000666242 0.0006304464 0.0008379121 scaffold_3
526 121 3 3:226334728 226334728 19 T C 0.231 -0.7876664 0.2118666 1.250384 1.360799 0.0002467453 0.0002463901 0.0003656413 scaffold_3
527 888 3 3:227043730 227043730 13 A G 0.352 0.6065591 0.1934058 1.289065 1.396498 0.0019106 0.001909899 0.002374612 scaffold_3
532 824 3 3:229828013 229828013 6 A C 0.049 -1.298864 0.4130474 1.703474 1.882942 0.001858645 0.00175766 0.002250038 scaffold_3
546 394 4 4:2493225 2493225 14 G T 0.396 -0.8208616 0.2422779 1.348234 1.457211 0.0008142399 0.0007872603 0.001036379 scaffold_4
547 334 4 4:2679511 2679511 17 G C 0.384 -0.6364641 0.1834209 1.149045 1.241526 0.0006102881 0.0006601645 0.0009384015 scaffold_4
550 14 4 4:3405713 3405713 13 G A 0.472 -0.7549637 0.1786617 1.32389 1.43819 3.311943e-05 3.136661e-05 5.723815e-05 scaffold_4
553 182 4 4:3895058 3895058 8 G A 0.297 -0.6944197 0.1887426 1.01914 1.104129 0.0002850056 0.0003505903 0.000564288 scaffold_4
560 830 4 4:5793471 5793471 3 T C 0.4 -0.6753992 0.2138669 1.291751 1.426454 0.001778092 0.001768984 0.002193448 scaffold_4
561 780 4 4:6105826 6105826 15 T C 0.26 -0.6332547 0.2005702 1.581519 1.726615 0.001782572 0.001672691 0.002086097 scaffold_4
575 203 4 4:11894439 11894439 18 A G 0.349 -0.704683 0.197642 1.727177 1.886441 0.0004330247 0.0004062854 0.0005874865 scaffold_4
585 11 4 4:20198175 20198175 16 T C 0.356 0.8171127 0.1915229 2.024772 2.20298 2.794876e-05 2.761094e-05 6.029815e-05 scaffold_4
589 508 4 4:26757577 26757577 0 T G 0.349 -0.7410208 0.2234268 1.287437 1.383781 0.001042694 0.001037677 0.001357238 scaffold_4
594 218 4 4:35251453 35251453 16 A G 0.451 -0.6584443 0.1853719 1.319736 1.437791 0.0004546451 0.0004421152 0.0006114446 scaffold_4
595 530 4 4:43195078 43195078 17 G C 0.209 -0.7832391 0.2379748 1.395324 1.506236 0.001137114 0.001088928 0.001388191 scaffold_4
596 231 4 4:50184085 50184085 7 G T 0.399 0.6668494 0.1882278 1.32767 1.429786 0.0004700977 0.0004564363 0.0006313993 scaffold_4
597 734 4 4:60285711 60285711 13 C A 0.154 0.8111957 0.2523715 1.182356 1.282882 0.001474848 0.001568455 0.002039509 scaffold_4
598 653 4 4:81620760 81620760 15 T G 0.275 -0.6789379 0.2084535 1.160235 1.242265 0.001277355 0.00138179 0.00186722 scaffold_4
599 327 4 4:96672885 96672885 12 T C 0.053 -1.699434 0.4931785 1.359221 1.460561 0.0006646918 0.000640865 0.0008565188 scaffold_4
600 510 4 4:131276964 131276964 3 G A 0.492 -0.6366248 0.1917116 1.257293 1.35315 0.001028024 0.001038629 0.00136927 scaffold_4
603 8 4 4:151146411 151146411 18 A C 0.172 -1.075687 0.2433668 0.8827385 0.9355047 1.456802e-05 2.163803e-05 5.732329e-05 scaffold_4
604 475 4 4:152621979 152621979 14 C T 0.249 -0.7255339 0.2170664 1.293362 1.391483 0.0009539956 0.0009462303 0.001242158 scaffold_4
605 209 4 4:152815197 152815197 24 C T 0.151 -0.9143304 0.253789 1.115139 1.185912 0.0003779957 0.0004201055 0.0006496078 scaffold_4
608 439 4 4:156545697 156545697 8 T C 0.488 -0.6056437 0.1800533 1.284543 1.393332 0.0008863961 0.000881283 0.001160954 scaffold_4
611 420 4 4:159722569 159722569 25 T G 0.346 0.7197703 0.2129331 1.264709 1.36616 0.0008367798 0.0008401996 0.001119545 scaffold_4
612 139 4 4:160965767 160965767 10 A G 0.014 -2.656936 0.7238845 1.39512 1.502894 0.0002944907 0.0002785141 0.000399134 scaffold_4
614 899 4 4:163283135 163283135 12 G A 0.253 0.7193073 0.2256755 1.0545 1.135193 0.001613522 0.001941046 0.002699544 scaffold_4
615 812 4 4:165724563 165724563 16 T G 0.36 0.6028077 0.1900474 1.247017 1.345304 0.001698522 0.001733619 0.002206465 scaffold_4
622 750 4 4:173064048 173064048 5 A G 0.193 -0.6972993 0.2173989 1.186568 1.279345 0.001508909 0.001599721 0.002101775 scaffold_4
628 168 4 4:176563541 176563541 24 C T 0.03 -1.858264 0.5107233 1.297947 1.394566 0.0003314101 0.0003247733 0.0004668087 scaffold_4
630 378 4 4:178646565 178646565 17 A G 0.213 0.7762014 0.2221522 0.9710213 1.062844 0.0005601618 0.0007421969 0.001147083 scaffold_4
631 230 4 4:178688532 178688532 14 A G 0.104 -0.9734651 0.2732829 1.195801 1.28927 0.000438302 0.0004558625 0.0006578794 scaffold_4
639 170 4 4:185018892 185018892 13 C A 0.13 1.140983 0.3148045 1.735261 1.895947 0.0003490562 0.0003274051 0.0004829656 scaffold_4
641 974 4 4:186449424 186449424 7 C T 0.407 -0.5945543 0.1898766 1.148199 1.241516 0.001941768 0.002128926 0.002765849 scaffold_4
642 172 4 4:187471103 187471103 14 T C 0.469 -0.628887 0.173195 1.889865 2.102392 0.000340583 0.000329205 0.0005158937 scaffold_4
645 29 4 4:191239551 191239551 6 A G 0.35 -0.7178971 0.1744647 1.240027 1.33412 5.221559e-05 5.171719e-05 9.158718e-05 scaffold_4
646 600 4 4:192086456 192086456 11 T C 0.177 0.749228 0.2307876 1.45786 1.592829 0.001324031 0.001250628 0.001573799 scaffold_4
648 430 4 4:197227076 197227076 7 T C 0.222 0.7038318 0.2099478 1.587781 1.730939 0.0009217124 0.0008605516 0.001128715 scaffold_4
649 604 4 4:199257200 199257200 15 T C 0.043 -1.50557 0.4631442 1.357214 1.469524 0.001304683 0.001262362 0.001598916 scaffold_4
650 572 4 4:204870445 204870445 18 T C 0.239 -0.7178156 0.2166632 1.109822 1.188713 0.001055526 0.00119134 0.001675191 scaffold_4
651 252 4 4:205396188 205396188 25 G A 0.271 0.7535013 0.2144845 1.361104 1.471078 0.0005231687 0.0005019701 0.0006844033 scaffold_4
652 66 4 4:210737964 210737964 20 A C 0.287 0.726837 0.1879323 1.792863 1.957571 0.0001393668 0.0001309266 0.0002158077 scaffold_4
666 432 4 4:235450244 235450244 18 A G 0.276 0.7210073 0.2149116 1.412348 1.536193 0.0009138105 0.0008688935 0.001125306 scaffold_4
682 423 4 4:239496735 239496735 9 G T 0.204 0.7535976 0.2244356 1.657869 1.801665 0.0009048539 0.0008481147 0.001129948 scaffold_4
683 900 4 4:239868279 239868279 8 A G 0.02 2.094912 0.6688524 1.280894 1.374554 0.001936484 0.001945055 0.002438513 scaffold_4
694 343 5 5:1622709 1622709 13 A T 0.091 1.038401 0.2963704 1.000509 1.099153 0.0005410128 0.0006853586 0.00104956 scaffold_5
695 73 5 5:2117847 2117847 13 C T 0.122 -1.036167 0.2676243 1.167323 1.257395 0.0001371306 0.0001440209 0.0002340267 scaffold_5
696 339 5 5:2183012 2183012 12 C T 0.091 1.049232 0.3064474 1.418557 1.553002 0.0007183698 0.0006794871 0.0008973397 scaffold_5
700 25 5 5:2812734 2812734 6 C T 0.247 -0.8150099 0.1982723 1.540724 1.667138 5.313592e-05 4.839882e-05 8.349721e-05 scaffold_5
701 918 5 5:3091095 3091095 5 A T 0.297 -0.6330677 0.2035583 1.39842 1.50489 0.002081564 0.002003636 0.00244351 scaffold_5
704 961 5 5:3951939 3951939 13 C T 0.325 -0.6069378 0.1938466 1.173203 1.271258 0.001943335 0.002086017 0.002687924 scaffold_5
706 477 5 5:4421900 4421900 21 A T 0.187 0.9310818 0.2792313 1.359169 1.458572 0.0009806954 0.0009483011 0.001229476 scaffold_5
707 554 5 5:4497643 4497643 20 C T 0.272 0.7708309 0.2346005 1.321131 1.424688 0.001158834 0.001137862 0.001460959 scaffold_5
708 487 5 5:4654233 4654233 22 T C 0.257 -0.6637892 0.2002021 1.642274 1.778112 0.001046347 0.000981087 0.001287401 scaffold_5
710 353 5 5:5200560 5200560 2 A C 0.025 -1.700423 0.4982461 1.549609 1.684291 0.0007467836 0.0006950636 0.0009231197 scaffold_5
716 774 5 5:6438187 6438187 16 C G 0.029 1.633259 0.5096403 1.157025 1.242151 0.001522756 0.001653359 0.00220868 scaffold_5
725 419 5 5:10241463 10241463 9 G C 0.132 -0.8901694 0.2642738 1.368152 1.475279 0.0008721495 0.0008396411 0.001095988 scaffold_5
731 100 5 5:12584055 12584055 18 T C 0.091 1.242574 0.3245583 1.015183 1.093836 0.0001620149 0.0001991258 0.0003461956 scaffold_5
732 637 5 5:13264905 13264905 21 C A 0.092 1.121188 0.3431883 1.152766 1.25068 0.001235025 0.001341068 0.00179385 scaffold_5
733 516 5 5:13320952 13320952 20 T C 0.429 -0.5781506 0.1728478 1.120535 1.210235 0.000946118 0.001053764 0.001477112 scaffold_5
734 615 5 5:13984318 13984318 13 G A 0.096 -0.9348022 0.2874226 1.273037 1.39785 0.001297639 0.001299175 0.001657848 scaffold_5
741 88 5 5:18033070 18033070 21 C T 0.384 0.9548985 0.2520753 1.580438 1.731608 0.0001890675 0.0001737053 0.0002631205 scaffold_5
742 478 5 5:19210699 19210699 17 A G 0.349 -0.5935541 0.1783988 1.748881 1.924968 0.001005744 0.0009525934 0.001296159 scaffold_5
751 154 5 5:44458174 44458174 5 A G 0.128 0.9596686 0.2630694 1.68047 1.824626 0.0003200127 0.0002978407 0.0004367625 scaffold_5
752 331 5 5:47766457 47766457 12 C T 0.093 1.155177 0.3358187 1.375642 1.485539 0.0006789206 0.0006509309 0.0008661516 scaffold_5
756 406 5 5:63374102 63374102 14 A T 0.071 -1.16469 0.3449666 1.407925 1.525595 0.0008485854 0.0008072041 0.00105223 scaffold_5
757 635 5 5:68685032 68685032 4 C T 0.069 -1.127877 0.3497109 1.493014 1.618779 0.001422045 0.001339478 0.00167861 scaffold_5
758 35 5 5:74485558 74485558 14 A C 0.224 -0.8529113 0.2090358 1.135603 1.20804 6.008524e-05 6.428855e-05 0.0001189184 scaffold_5
760 55 5 5:81190516 81190516 12 G A 0.441 0.7134889 0.1796295 1.113412 1.189593 9.259995e-05 0.0001015182 0.0001783262 scaffold_5
761 248 5 5:87053778 87053778 23 A T 0.28 0.7217051 0.2048736 1.312047 1.426222 0.000505421 0.0004932662 0.0006777093 scaffold_5
762 192 5 5:95443740 95443740 12 T G 0.322 0.7012179 0.1954697 1.859422 2.021478 0.0003998429 0.0003854624 0.0005895103 scaffold_5
763 233 5 5:132312204 132312204 8 G C 0.129 0.9270842 0.2610463 1.239749 1.331253 0.0004556352 0.0004610634 0.0006569388 scaffold_5
764 133 5 5:144655680 144655680 10 G C 0.293 -0.7217687 0.1959884 1.471394 1.595676 0.0002812907 0.0002615849 0.0003760919 scaffold_5
765 3 5 5:150046712 150046712 10 C G 0.371 0.9239018 0.184052 0.5188436 0.5491985 9.67456e-07 5.260681e-06 3.398858e-05 scaffold_5
768 50 5 5:162723278 162723278 15 A G 0.244 -0.8144936 0.2063715 1.69842 1.847353 0.0001023063 9.440906e-05 0.0001559925 scaffold_5
771 247 5 5:167285825 167285825 19 A T 0.358 -0.6455922 0.1833849 1.380238 1.489887 0.0005095508 0.0004860228 0.0006631232 scaffold_5
774 272 5 5:171320642 171320642 13 A G 0.15 -0.8519428 0.2448208 1.538414 1.686386 0.0005891665 0.0005474713 0.0007409396 scaffold_5
776 185 5 5:172979292 172979292 20 C T 0.09 -1.06028 0.2948895 1.52878 1.68047 0.0003880869 0.0003593258 0.0005042684 scaffold_5
777 568 5 5:174716936 174716936 19 A G 0.271 -0.6171166 0.1892451 1.67271 1.867835 0.001260541 0.001180484 0.001547991 scaffold_5
778 366 5 5:175281748 175281748 23 T C 0.307 0.6602153 0.1939684 1.631137 1.806028 0.0007709599 0.0007176061 0.0009664894 scaffold_5
780 501 5 5:178079367 178079367 18 C T 0.386 0.6185146 0.1869106 1.415225 1.539015 0.00106973 0.001017439 0.001301298 scaffold_5
781 101 5 5:178570849 178570849 16 C G 0.111 -1.100183 0.2931381 1.451114 1.601024 0.0002159542 0.0002005633 0.0002958668 scaffold_5
784 31 5 5:183936349 183936349 7 A G 0.188 0.9334433 0.2284509 1.250058 1.37295 5.870459e-05 5.776493e-05 9.915916e-05 scaffold_5
788 37 5 5:186880962 186880962 6 G C 0.194 -0.8713737 0.2160515 1.293145 1.395082 7.259549e-05 7.019845e-05 0.0001178397 scaffold_5
791 689 5 5:190608454 190608454 22 T G 0.141 0.826437 0.2584057 1.509346 1.629923 0.00155621 0.001465171 0.001825439 scaffold_5
792 220 5 5:191536484 191536484 14 C T 0.261 -0.7178751 0.202432 1.360266 1.460039 0.0004642278 0.0004455975 0.000615065 scaffold_5
793 789 5 5:191827817 191827817 9 T C 0.226 0.6902812 0.2163112 1.180849 1.268231 0.001593273 0.001698668 0.00223587 scaffold_5
794 155 5 5:194148929 194148929 14 T C 0.324 -0.6898977 0.1891378 1.456457 1.573474 0.0003204554 0.0002992675 0.0004247295 scaffold_5
795 87 5 5:195177993 195177993 21 C T 0.376 0.7499455 0.1954682 1.116324 1.211313 0.0001570144 0.0001723047 0.0002789365 scaffold_5
796 128 5 5:196156399 196156399 4 C A 0.361 0.6780856 0.1833685 1.354835 1.46229 0.0002657503 0.0002539997 0.0003688336 scaffold_5
797 306 5 5:197659973 197659973 6 A G 0.206 -0.7360784 0.2120729 1.284505 1.38811 0.0006083189 0.0006027617 0.0008211187 scaffold_5
798 141 5 5:199250992 199250992 19 T C 0.067 1.251724 0.3371391 1.104121 1.19872 0.000251385 0.0002801517 0.0004395072 scaffold_5
800 871 5 5:201281608 201281608 7 A G 0.403 0.5481759 0.1749838 1.391043 1.51021 0.001932515 0.001859609 0.002278341 scaffold_5
801 266 5 5:202472126 202472126 12 C T 0.261 -0.7109587 0.2004934 1.068508 1.14324 0.0004645784 0.0005421779 0.0008415849 scaffold_5
802 47 5 5:203363532 203363532 14 C A 0.416 -0.7011653 0.1775099 1.63474 1.801161 0.0001009969 9.243639e-05 0.0001509699 scaffold_5
806 205 5 5:204802716 204802716 11 C G 0.073 -1.229871 0.3443868 1.312131 1.430661 0.0004240869 0.0004132494 0.0005756567 scaffold_5
807 276 5 5:205338321 205338321 18 T C 0.164 -0.8045272 0.2296698 1.22911 1.332447 0.0005424777 0.0005527413 0.0007708422 scaffold_5
818 930 5 5:208790824 208790824 9 G A 0.422 0.5415242 0.1744896 1.765002 1.967225 0.002126347 0.002029249 0.002631613 scaffold_5
819 548 5 5:209732965 209732965 12 C G 0.099 1.076015 0.3285904 1.687464 1.90067 0.001203327 0.001126644 0.001490302 scaffold_5
824 228 5 5:211120944 211120944 21 G A 0.414 -0.6438534 0.1821872 1.463064 1.582775 0.0004851988 0.0004542955 0.000620859 scaffold_5
832 596 5 5:213052738 213052738 7 C T 0.353 -0.5798373 0.1787077 1.539445 1.697415 0.001332021 0.001245914 0.001579653 scaffold_5
849 945 6 6:8303713 8303713 4 A G 0.169 0.8054338 0.2587408 1.285652 1.391519 0.002062021 0.002065703 0.002559538 scaffold_6
854 120 6 6:24207693 24207693 20 T G 0.27 0.8073042 0.2178263 1.375537 1.488374 0.0002576784 0.0002446576 0.0003553099 scaffold_6
855 195 6 6:28099146 28099146 15 T C 0.246 -0.7873265 0.2202201 1.497037 1.624469 0.0004179759 0.0003889013 0.0005396828 scaffold_6
856 9 6 6:34223397 34223397 19 A G 0.308 0.808731 0.1887843 1.217974 1.308783 2.597395e-05 2.590391e-05 5.016885e-05 scaffold_6
858 19 6 6:62086909 62086909 7 T C 0.5 -0.7998352 0.1914836 1.59149 1.736041 4.048943e-05 3.67282e-05 6.597326e-05 scaffold_6
859 102 6 6:69888085 69888085 12 A G 0.067 -1.271581 0.3382019 1.358396 1.460797 0.0002105397 0.0002006569 0.0002982424 scaffold_6
862 166 6 6:86714043 86714043 16 C G 0.259 0.7127339 0.1962139 1.714865 1.877253 0.0003389023 0.0003163992 0.0004671392 scaffold_6
864 224 6 6:89155734 89155734 12 T C 0.279 0.6826853 0.1930882 1.442299 1.566609 0.0004824175 0.0004530065 0.0006192295 scaffold_6
865 393 6 6:90636437 90636437 16 G A 0.459 1.019611 0.3016637 1.579309 1.736987 0.0008376743 0.0007793014 0.001031494 scaffold_6
869 111 6 6:93892878 93892878 8 C T 0.159 -0.9096209 0.2428085 1.265265 1.368323 0.0002216367 0.0002196701 0.0003288521 scaffold_6
877 666 6 6:102851183 102851183 12 T C 0.176 0.9499583 0.2923173 1.155513 1.232913 0.001309129 0.001421784 0.001946897 scaffold_6
883 421 6 6:110870346 110870346 6 T C 0.308 0.6378485 0.188748 1.271086 1.36172 0.0008394019 0.0008408499 0.001125732 scaffold_6
890 413 6 6:113854728 113854728 7 A T 0.411 0.690189 0.2030961 1.186335 1.276702 0.0007856398 0.0008282069 0.001140603 scaffold_6
900 978 6 6:132210286 132210286 19 G A 0.025 1.753414 0.569099 1.488385 1.662262 0.002287036 0.002148073 0.002610388 scaffold_6
904 797 6 6:141913227 141913227 17 T C 0.399 -0.5828046 0.1824419 1.15444 1.244292 0.001575768 0.001713818 0.002277278 scaffold_6
905 94 6 6:144530416 144530416 22 T C 0.046 1.466161 0.3887275 1.684318 1.834453 0.0002012776 0.0001863972 0.0002868442 scaffold_6
926 7 6 6:157685544 157685544 8 T A 0.104 1.33782 0.3091026 1.482111 1.599827 2.15622e-05 1.958662e-05 3.753585e-05 scaffold_6
927 215 6 6:158392838 158392838 16 G C 0.053 1.450038 0.4087299 1.37112 1.502663 0.00046186 0.0004405711 0.0006052139 scaffold_6
928 955 6 6:158593410 158593410 5 C T 0.321 -0.6039957 0.1951707 1.458583 1.579924 0.002187867 0.002078362 0.002520997 scaffold_6
932 527 6 6:159911458 159911458 14 C G 0.153 -0.7719437 0.2338148 1.293339 1.416819 0.001098015 0.001087082 0.001401514 scaffold_6
935 341 6 6:160909915 160909915 14 A C 0.406 0.6203841 0.1787039 1.106771 1.184977 0.0006068038 0.0006823166 0.001014876 scaffold_6
960 631 7 7:408660 408660 15 T C 0.131 0.9712699 0.2845938 0.8218532 0.8735664 0.0007467516 0.001336289 0.002536549 scaffold_7
963 841 7 7:1298931 1298931 8 A G 0.335 0.618222 0.1942416 1.143492 1.22723 0.001638397 0.001801644 0.00240044 scaffold_7
984 958 7 7:5555875 5555875 23 G A 0.138 -0.8188224 0.2634684 1.305831 1.400768 0.002096202 0.002083989 0.002578798 scaffold_7
1001 104 7 7:13843895 13843895 8 T G 0.08 -1.171911 0.3124589 1.396294 1.503132 0.0002180144 0.0002055244 0.0003032715 scaffold_7
1002 827 7 7:14628137 14628137 23 T A 0.288 -0.6572295 0.2091311 1.533412 1.654525 0.001870429 0.001761811 0.00217028 scaffold_7
1005 34 7 7:19263585 19263585 11 G A 0.367 -0.7369155 0.1793925 1.030113 1.101553 5.372603e-05 6.405133e-05 0.0001266275 scaffold_7
1006 427 7 7:21134883 21134883 5 T C 0.169 -0.8476536 0.2524037 1.470408 1.593109 0.0009030432 0.0008498125 0.001102014 scaffold_7
1007 763 7 7:25523827 25523827 11 G C 0.044 -1.347127 0.4255245 1.5947 1.733158 0.001733031 0.001628315 0.002036511 scaffold_7
1008 946 7 7:31319675 31319675 20 T A 0.324 -0.5788875 0.1866186 1.377524 1.494562 0.002136709 0.002065984 0.002516128 scaffold_7
1010 890 7 7:77110052 77110052 11 T C 0.145 -0.7862274 0.2519608 1.719951 1.880518 0.002011871 0.00191184 0.002442216 scaffold_7
1011 68 7 7:105081766 105081766 9 T C 0.038 1.797759 0.4655096 1.466885 1.612376 0.0001424374 0.0001314145 0.000202387 scaffold_7
1020 130 7 7:122854386 122854386 18 T A 0.151 0.8848615 0.2397133 1.749854 1.922146 0.0002723902 0.000254913 0.0003893067 scaffold_7
1021 444 7 7:124789858 124789858 12 T C 0.128 0.880075 0.263408 1.657335 1.823709 0.0009584229 0.0008966257 0.001192235 scaffold_7
1022 649 7 7:127410246 127410246 14 C T 0.484 -0.5760667 0.178803 1.418512 1.549643 0.001438234 0.001369443 0.001711821 scaffold_7
1023 757 7 7:127766834 127766834 3 T C 0.352 0.604705 0.1907919 1.503875 1.636085 0.00171226 0.001613342 0.001996328 scaffold_7
1029 95 7 7:133110398 133110398 25 T C 0.021 -2.22158 0.5868052 1.284743 1.374241 0.0001907002 0.0001871011 0.0002853971 scaffold_7
1031 211 7 7:135607817 135607817 11 T C 0.228 -0.8205395 0.2270648 1.047505 1.12277 0.000363106 0.0004328533 0.0006913793 scaffold_7
1034 142 7 7:140284193 140284193 19 A G 0.287 0.7640086 0.2083542 1.395022 1.525566 0.0002983598 0.0002814427 0.0004022244 scaffold_7
1042 526 7 7:148519595 148519595 23 C T 0.358 0.6226169 0.1861232 1.088959 1.180221 0.0009450254 0.001085885 0.00152951 scaffold_7
1056 116 7 7:160480020 160480020 13 A G 0.291 0.7185343 0.193389 1.427295 1.581122 0.000248847 0.000232178 0.0003375491 scaffold_7
1067 769 7 7:165508482 165508482 20 A C 0.042 1.371947 0.4336933 1.551011 1.670019 0.001746839 0.001642511 0.002037903 scaffold_7
1068 795 7 7:165858254 165858254 10 T C 0.46 0.668311 0.2104628 1.248263 1.372096 0.001678642 0.001707158 0.002147681 scaffold_7
1095 629 7 7:175688956 175688956 15 A G 0.213 -0.6619689 0.2085504 2.255145 1e+05 0.001685838 0.001329449 0.003046715 scaffold_7
1104 160 8 8:2516963 2516963 18 A G 0.311 0.749483 0.2016112 1.010638 1.075051 0.0002470044 0.0003073273 0.0005360437 scaffold_8
1105 524 8 8:2662423 2662423 16 G A 0.393 -0.5848561 0.1779984 1.562677 1.714691 0.00115875 0.001082499 0.001390857 scaffold_8
1112 287 8 8:4926452 4926452 7 T C 0.159 -0.8643925 0.2486636 1.351347 1.457918 0.0005970035 0.0005754278 0.0007771158 scaffold_8
1115 722 8 8:5529552 5529552 16 G A 0.15 0.7760855 0.2436373 1.685996 1.841878 0.001623953 0.001532645 0.001971274 scaffold_8
1129 960 8 8:11507053 11507053 18 T G 0.129 0.8281441 0.2670299 1.357609 1.461726 0.002141346 0.002085791 0.002549949 scaffold_8
1136 738 8 8:14551095 14551095 18 T G 0.089 -0.9852349 0.309317 1.36548 1.474491 0.001625134 0.00157391 0.001959042 scaffold_8
1139 90 8 8:17428206 17428206 16 G A 0.126 1.121973 0.2849348 0.8375003 0.8840166 0.000106027 0.0001777232 0.0004170254 scaffold_8
1148 843 8 8:22983663 22983663 8 T G 0.315 0.6176379 0.1969985 1.634135 1.77955 0.001916613 0.001804748 0.002260026 scaffold_8
1149 564 8 8:25206286 25206286 13 A G 0.051 -1.349621 0.4124361 1.787646 1.952022 0.001212859 0.001161615 0.001572305 scaffold_8
1151 67 8 8:61353683 61353683 7 C T 0.157 -0.9666135 0.2476263 1.13216 1.211856 0.0001211823 0.0001309794 0.0002202629 scaffold_8
1152 544 8 8:72452077 72452077 21 A G 0.336 0.633247 0.1931246 1.468075 1.584548 0.001185802 0.001118717 0.001419595 scaffold_8
1153 79 8 8:82578380 82578380 8 T G 0.102 1.15045 0.2980397 1.115705 1.18936 0.0001434658 0.0001577044 0.0002655567 scaffold_8
1154 30 8 8:88474997 88474997 12 G A 0.152 -1.073677 0.2598508 1.119076 1.194496 4.871434e-05 5.278387e-05 9.940284e-05 scaffold_8
1155 403 8 8:94946181 94946181 5 T C 0.234 0.6727697 0.1987622 1.322205 1.421565 0.0008236704 0.0008051517 0.00106551 scaffold_8
1157 20 8 8:102834648 102834648 19 G A 0.492 0.7614176 0.1815707 1.17699 1.265639 3.7834e-05 3.89466e-05 7.300243e-05 scaffold_8
1158 344 8 8:106380710 106380710 15 G A 0.102 -0.9466927 0.2769506 1.688035 1.853043 0.0007326132 0.0006862422 0.0009393833 scaffold_8
1159 813 8 8:110536636 110536636 18 A G 0.305 0.6178043 0.1963608 1.545596 1.696486 0.001848386 0.001735302 0.002147569 scaffold_8
1160 126 8 8:111307247 111307247 16 G A 0.15 -0.8836232 0.2392812 1.428112 1.5667 0.0002708786 0.0002533097 0.0003652051 scaffold_8
1162 834 8 8:118905180 118905180 4 T C 0.486 0.5442553 0.1729287 1.370324 1.482738 0.001842254 0.001783174 0.002197284 scaffold_8
1165 865 8 8:124330955 124330955 16 C A 0.385 -0.5748378 0.1830045 1.880577 2.068961 0.001880016 0.001845922 0.002516683 scaffold_8
1166 4 8 8:126540885 126540885 4 A G 0.114 1.202944 0.2701169 1.333358 1.445829 1.261426e-05 1.179544e-05 2.434704e-05 scaffold_8
1167 123 8 8:130038369 130038369 8 G A 0.347 -0.7515913 0.2019454 1.218535 1.310658 0.0002430586 0.0002478482 0.000373664 scaffold_8
1168 994 8 8:133598548 133598548 15 T C 0.133 -0.8205282 0.263939 1.208092 1.299541 0.00208991 0.002191432 0.002791077 scaffold_8
1169 201 8 8:137088766 137088766 6 A C 0.101 1.181141 0.3312569 1.676206 1.825659 0.0004327367 0.0004038573 0.0005741146 scaffold_8
1173 709 8 8:146332872 146332872 8 T C 0.08 0.9792329 0.306532 1.790652 1.978486 0.001575312 0.001508159 0.002021282 scaffold_8
1179 348 8 8:152566408 152566408 7 G A 0.123 -0.9328567 0.2731069 1.656291 1.817784 0.0007392137 0.0006902147 0.0009365485 scaffold_8
1180 580 8 8:154782127 154782127 4 C T 0.182 -0.7325461 0.2243218 1.882294 2.075488 0.001240778 0.001213033 0.00171011 scaffold_8
1185 134 8 8:159911176 159911176 24 C T 0.143 0.9605348 0.2609707 1.620143 1.767461 0.0002834879 0.0002618991 0.000383852 scaffold_8
1206 350 8 8:168488255 168488255 15 C T 0.115 -0.8999281 0.2620995 1.273235 1.374545 0.0006942987 0.000692495 0.0009369006 scaffold_8
1211 51 8 8:169546743 169546743 18 G T 0.498 0.7033034 0.178263 1.355656 1.460234 0.0001028803 9.744192e-05 0.0001559745 scaffold_8
1224 202 8 8:172362812 172362812 21 T G 0.208 0.9095423 0.2549853 1.761596 1.951617 0.0004305361 0.0004053325 0.0005932079 scaffold_8
1239 742 9 9:1170876 1170876 20 C T 0.245 0.64292 0.2024569 1.48428 1.628054 0.001677779 0.001580732 0.001957828 scaffold_9
1240 778 9 9:1589276 1589276 9 A G 0.064 1.150974 0.3630417 1.335031 1.458415 0.001707089 0.0016693 0.002071183 scaffold_9
1245 826 9 9:3940778 3940778 12 T C 0.101 -0.9196699 0.2927085 1.528337 1.683 0.001874966 0.001760978 0.002173436 scaffold_9
1270 222 9 9:14331373 14331373 9 A G 0.018 2.287955 0.6475986 1.543824 1.687819 0.0004870176 0.0004513247 0.0006217591 scaffold_9
1279 72 9 9:19293529 19293529 13 G A 0.384 0.7540938 0.1938112 1.157795 1.242689 0.0001273039 0.0001347168 0.0002216995 scaffold_9
1288 842 9 9:25605222 25605222 12 G A 0.166 -0.7482173 0.2370122 1.970583 2.145339 0.001784925 0.001802793 0.002587523 scaffold_9
1289 810 9 9:27188155 27188155 18 T C 0.311 -0.6259811 0.194827 1.07892 1.161975 0.001481185 0.001730827 0.002393956 scaffold_9
1290 634 9 9:29055866 29055866 6 A G 0.016 2.728675 0.8459488 1.636749 1.75179 0.001420094 0.001338814 0.001705651 scaffold_9
1291 241 9 9:49448782 49448782 25 T G 0.154 1.117679 0.3174128 1.506868 1.641972 0.0005081004 0.000473812 0.0006465066 scaffold_9
1292 965 9 9:89657762 89657762 5 A C 0.264 0.6504893 0.2049497 1.029496 1.106108 0.001687218 0.002094594 0.002968745 scaffold_9
1293 682 9 9:94454968 94454968 18 C T 0.309 -0.6985413 0.2155266 2.161291 2.376587 0.001347926 0.001456646 0.002322129 scaffold_9
1296 86 9 9:105455887 105455887 22 C A 0.338 0.7458443 0.1961123 1.895357 2.137063 0.0001785486 0.0001715706 0.0002845974 scaffold_9
1297 700 9 9:105885296 105885296 22 C G 0.432 0.6091602 0.1904778 1.411012 1.529176 0.001556997 0.001488587 0.001850844 scaffold_9
1303 685 9 9:120943496 120943496 6 G A 0.265 0.6378543 0.1987311 1.348175 1.445456 0.001498001 0.001459864 0.001836016 scaffold_9
1305 866 9 9:124419014 124419014 17 A C 0.236 -0.6815541 0.2174764 1.78193 1.963157 0.001924936 0.001846142 0.002417097 scaffold_9
1306 283 9 9:126596651 126596651 21 A T 0.067 -1.227558 0.3449189 0.9943715 1.062246 0.000443322 0.000567666 0.0009388313 scaffold_9
1307 673 9 9:128578868 128578868 15 A C 0.195 -0.7501373 0.2286384 1.03552 1.11585 0.001178029 0.001443828 0.002089355 scaffold_9
1310 282 9 9:134340843 134340843 10 A G 0.181 -0.7866555 0.2264713 1.466863 1.610704 0.0006025947 0.0005636759 0.0007565881 scaffold_9
1311 84 9 9:135408356 135408356 21 T C 0.158 -0.9190072 0.2399502 1.168019 1.262465 0.0001610942 0.0001692957 0.0002695777 scaffold_9
1313 621 9 9:136727355 136727355 4 A G 0.131 0.8261932 0.2556424 1.473133 1.596221 0.001390587 0.001312775 0.001646181 scaffold_9
1318 563 9 9:139921494 139921494 13 A G 0.161 0.9053013 0.2651677 0.8840202 0.9468372 0.0007435036 0.001157176 0.001965757 scaffold_9
1321 794 9 9:141729544 141729544 13 G A 0.461 -0.5533331 0.1748913 1.338668 1.44672 0.001744155 0.001705309 0.002119475 scaffold_9
1338 284 9 9:148751872 148751872 9 A G 0.068 1.257074 0.3620162 1.458594 1.569583 0.0006049749 0.0005687182 0.0007622233 scaffold_9
1341 893 9 9:149803967 149803967 12 G A 0.366 0.5854656 0.1869288 1.316108 1.418846 0.001936953 0.001914591 0.002370974 scaffold_9
1347 40 9 9:151567035 151567035 12 T C 0.202 0.8754953 0.2176706 1.266587 1.36102 7.587927e-05 7.440364e-05 0.0001252173 scaffold_9
1403 807 10 10:10674802 10674802 4 T C 0.045 -1.254643 0.3986063 1.507654 1.669245 0.001840479 0.001726692 0.002131868 scaffold_10
1404 28 10 10:11284330 11284330 18 T C 0.075 -1.292174 0.3147718 1.848065 2.078662 5.4324e-05 5.092217e-05 9.525572e-05 scaffold_10
1405 207 10 10:13176439 13176439 24 T C 0.247 -0.7229686 0.2029122 1.388399 1.496462 0.0004369552 0.0004151103 0.000574078 scaffold_10
1407 1 10 10:14904831 14904831 9 T G 0.228 1.056854 0.2125174 1.498514 1.631611 1.206565e-06 1.063273e-06 3.102549e-06 scaffold_10
1410 44 10 10:24795108 24795108 14 A G 0.041 1.86032 0.468558 1.673798 1.791971 9.322261e-05 8.597814e-05 0.0001419797 scaffold_10
1411 460 10 10:49784953 49784953 8 T C 0.07 1.25046 0.3725351 1.254567 1.354061 0.0009083834 0.0009182128 0.001218098 scaffold_10
1412 193 10 10:70368133 70368133 24 A T 0.104 -1.105814 0.3087112 1.795915 1.960532 0.0004076675 0.0003872274 0.0005749317 scaffold_10
1413 163 10 10:77701025 77701025 19 A G 0.044 1.592313 0.4379384 1.694245 1.837897 0.0003345635 0.0003121026 0.0004571761 scaffold_10
1415 223 10 10:85026471 85026471 10 T C 0.269 -0.762393 0.2125785 1.099228 1.191702 0.0004012185 0.0004522381 0.000673498 scaffold_10
1416 355 10 10:90114894 90114894 8 G A 0.106 1.113675 0.3210709 1.096622 1.192426 0.0006132 0.0006960425 0.0009970485 scaffold_10
1418 857 10 10:103165971 103165971 9 G A 0.23 0.6529277 0.2083616 1.471732 1.586845 0.001926798 0.001825573 0.002234671 scaffold_10
1421 575 10 10:116346698 116346698 23 C A 0.114 -0.9275096 0.2848947 1.524023 1.668747 0.001283416 0.00120295 0.001524832 scaffold_10
1422 607 10 10:119996734 119996734 18 A G 0.357 0.6443555 0.1966481 1.174955 1.260841 0.00119496 0.001276077 0.001720952 scaffold_10
1425 970 10 10:126488562 126488562 17 G C 0.178 -0.6868539 0.2217092 1.349682 1.48447 0.002164606 0.002106889 0.002563988 scaffold_10
1430 624 10 10:132025998 132025998 20 C T 0.349 0.6624548 0.2018324 1.11694 1.195966 0.001172779 0.001316042 0.001837552 scaffold_10
1431 255 10 10:132531703 132531703 22 A C 0.063 1.461679 0.4127019 1.144708 1.235494 0.0004718787 0.0005114394 0.0007398416 scaffold_10
1433 818 10 10:134068116 134068116 6 A G 0.47 -0.562932 0.1785478 1.381439 1.50516 0.001808842 0.001743435 0.002146356 scaffold_10
1434 63 10 10:134674563 134674563 19 T G 0.465 0.7596669 0.1928963 1.044757 1.125937 0.0001057913 0.0001246998 0.0002217448 scaffold_10
1442 177 10 10:139285522 139285522 12 A G 0.121 -1.019083 0.2804923 2.022658 2.30641 0.0003379539 0.0003388074 0.0005633286 scaffold_10
1444 932 10 10:140163135 140163135 9 A G 0.406 0.5759219 0.1830748 1.147036 1.236243 0.001851083 0.00203046 0.002668897 scaffold_10
1446 122 10 10:140772244 140772244 17 G A 0.382 0.6757342 0.1816863 1.229756 1.347035 0.0002453706 0.0002477511 0.0003680347 scaffold_10
1448 482 10 10:141384683 141384683 15 C A 0.496 0.6306139 0.1900893 1.503556 1.636338 0.001039672 0.0009751566 0.001253204 scaffold_10
1468 243 10 10:147339905 147339905 18 G T 0.195 0.8417935 0.2331841 0.9835445 1.055264 0.0003680478 0.0004772459 0.0008032206 scaffold_10
