line DaysToSilk0607_summer_blup DaysToAnthesis0607_summer_blup ASI0607_summer_blup PlantHeight0607_blup EarHeight0607_blup LeafLength0607_blup LeafWidth0607_blup TassPrimBranchNo0607_blup TassLength0607_blup UpperLeafAngle0607_blup CobDiam0607summer_blup CobLength0607summer_blup EarRowNo0607summer_blup KernelNoPerRow0607summer_blup EarMass0607summer_blup CobMass0607summer_blup TotalKernelWeight0607summer_blup Weight20Kernels0607summer_blup TotalKernelNo0607summer_blup NodeNumberBelowEar0607summer_blup NodeNumberAboveEar0607summer_blup NumBraceRoots0607summer_blup
282set_33-16 80.41 79.52 1.58 166.04 73.17 695.39 90.79 16.54 341.71 67.96 26.26 132.81 16.08 26.9 81.74 16 64.16 4.58 287.35 6.57 6.58 1.4
282set_38-11Goodman-Buckler 82.35 81.44 1.41 169.06 92.27 886.01 86.31 11.1 348.68 63.5 25 140 15.24 25.08 68.65 14.38 53.08 3.9 278.14 7.62 5.42 1.73
282set_4226 71.24 70.17 1.46 161.59 78.06 727.47 91.08 19.04 317.01 37.78 26.15 123.15 13.82 23.63 72.06 15.27 56.99 4.45 269.8 8.09 4.51 1.15
282set_4722 82.18 79.81 2.36 156.9 83.03 766.51 92.77 11.01 343.86 66.08 24.48 145.16 12.41 22.53 43.51 15.19 20.78 2.8 211.62 8.84 5.1 1.37
282set_A188 65.66 65.53 0.68 120.44 41.33 617.03 73.14 15.08 321.25 45.41 22.86 125.4 12.76 21.38 65.81 11.34 52.65 4.86 222.24 6.85 5.32 1.2
282set_A214NGoodman-Buckler 87.11 88.31 -0.72 159.96 84.77 699 81.98 7.05 288.09 70.84 23.97 134.49 13.1 20.15 54.56 11.48 42.11 4.26 194.18 10.83 5.65 1.39
282set_A239 71.67 71.64 0.84 130.33 53.9 672.35 78.4 5.56 319.72 59.39 24.64 121.81 13.53 21.43 70.33 11.88 56.23 4.84 243.31 6.86 4.76 1.91
282set_A556 66.89 69.11 -0.75 106.48 47.8 601.91 82.7 6.69 278.08 50.39 21.51 105.51 12.37 19.8 57.9 14.93 36.04 4 234.83 7.05 4.68 1.41
282set_A6 92.84 88.63 3.39 174.71 104.75 852.8 87.33 15.95 335.16 73.46 25.61 126.77 14.11 23.28 75.51 14.56 60.34 4.36 269.12 9.39 6.74 2.22
282set_A619 72.13 71.76 1 145.52 54.02 591.22 88.26 8.35 282.52 56.64 28.97 149.83 14.16 26.32 76.28 18.65 59.94 4.7 264.78 5.21 5.66 1.25
282set_A632 70.57 69.63 1.57 147.72 78.59 700.95 73.7 7.95 264.25 28.44 23.98 124.01 13.49 21.5 58.53 12.13 46.96 4.72 222.46 8.26 5.64 1.65
282set_A634 69.96 70.05 0.99 137.29 68.84 708.63 70.94 5.28 242.88 26.42 24.74 116.62 12.59 18.23 53.45 13.96 39.11 4.65 209.36 7.88 5.41 1.71
282set_A635 77.16 73.84 3.11 105 47.25 656.59 65.73 7.6 289.13 12.39 22.98 115.98 13.47 18.69 47.9 10.11 45.45 4.22 227.56 7.5 5.64 1.22
282set_A641 66.72 66.23 0.85 122.93 55.05 622.67 82.62 5.01 266.86 48.1 24.32 118.61 14.04 19.33 54.77 11.81 43.71 4.37 207.2 5.52 6.25 1.2
282set_A654 63.89 64.12 0.29 112.77 42.75 543.91 72.46 3.92 266.7 58.04 24.14 119.9 11.52 19.06 52.99 10.34 42.32 4.63 174.22 4.95 4.77 1.17
282set_A659 67.8 66.27 1.8 125.2 50.33 711.16 67.96 9.07 309.23 49.05 25.03 103.02 13.06 18.09 51.67 13.22 37.81 4.91 176.75 5.96 4.77 1.5
282set_A661 66.2 64.82 1.84 138.16 67.48 604.49 88.4 6.17 287.97 55.34 26.37 115.5 14.56 19.79 65.79 18.56 48 4.17 216.62 7.33 4.54 1.25
282set_A679 69.47 69.91 0.78 148.35 72.27 759.36 82.62 7.23 315.83 76.76 26.35 147.37 17.18 27.77 82.1 19.19 65.9 3.95 325.04 7.35 5.11 1.69
282set_A680 75.28 75.47 0.77 168.95 85.22 742.83 82.49 7.04 295.39 80.53 27.11 140.52 15.47 27.55 79.55 17.29 61.81 4.21 289.16 8.27 5.94 1.85
282set_A682 68.23 67.5 1.52 148.81 60.8 580.88 75.51 5.13 342.22 23.48 21.41 137.85 10.44 22.18 52.73 11.74 40.51 4.46 193.7 5.19 5.12 1.26
282set_Ab28A 87.14 85.57 1.85 162.55 76.08 808.57 116.27 10.55 370.77 72.4 25.02 148.57 11.14 20.97 54.67 20.84 38.66 4.61 192.91 9.6 5.1 1.16
282set_B10 82.73 78.2 4.27 152.06 75.27 796.62 93.77 11.4 311.3 40.21 28.36 164.17 13.87 23.07 84.2 31.69 57.7 4.88 230.85 8.88 4.74 1.43
282set_B103 70.45 70.52 0.97 113.7 54.05 671.58 80.18 1.11 294.94 59.95 26.14 132.18 14.3 18.4 56.1 13.58 42.81 4.83 193.34 7.19 5.39 1.51
282set_B105 78.86 77.52 1.71 142.32 62.75 720.48 85.06 10.4 304.25 72.23 24.98 138.58 15.03 24.69 67.77 13.62 49.43 3.58 268.57 6.63 5.35 2.26
282set_B109 74.01 73.76 1.03 162.49 76.41 697.33 85.74 6.66 284.15 67.14 26.2 128.49 14.88 25.15 86.27 15.07 69.89 4.81 294.11 8.56 5.37 2.18
282set_B14A 75.74 73.57 2.54 147.41 63.53 801.41 81.99 6.14 307.96 37.47 24.26 148.75 13.37 20.42 67.07 15.23 50.84 4.77 221.38 6.34 6.21 1.71
282set_B164 74.24 71.7 2.34 151.89 67.19 726.89 80.05 14.97 292.42 60.68 24.16 140.71 14.96 21.75 70.66 12.89 56.93 4.61 258.73 7.53 5.95 1.65
282set_B2 74.41 72.96 1.55 167.25 82.45 816.36 91.25 10.44 375.67 66.7 30.43 148.93 15.83 25.54 106.48 30.86 77.97 6.01 271.15 8.54 5.09 1.87
282set_B37 78.29 74.36 3.49 151.05 72.04 665.9 87 7.36 291.44 61.75 26.23 146.1 14.42 23.94 90.94 21.99 68.88 5.55 258.55 8.05 5.91 1.7
282set_B46 77.4 74.85 2.54 151.01 53.75 726.86 92.45 8.35 295.39 53.25 28.1 129.94 15.48 21.68 74.12 18.42 55.08 4.49 240.92 7.94 6.2 1.64
282set_B52 78.7 80.78 -0.83 160.31 79.57 727.39 87.19 6.44 377.77 67.23 26.98 151.14 16.5 24.71 73.3 17.97 54.21 3.93 262.09 8.84 5.74 1.69
282set_B57 74.66 73.5 1.73 128.37 53.91 748.02 81.92 19.16 317.02 53.62 30.13 126.48 14.61 23.76 91.43 24.7 67.82 5.45 250.88 7.48 5.62 1.38
282set_B64 63.88 62.55 1.63 111.01 51.63 657.37 62.66 4.77 247.56 14.81 27.46 125.54 14.21 23.63 69.67 15.2 46.64 3.66 246.87 7.24 4.51 1.68
282set_B68 80 77.21 3.89 155.68 74.1 850.94 77.85 10.18 331.17 44.78 25.79 156.69 15.35 24.69 65.9 18.29 52.75 3.68 238.45 9.14 5.99 1.71
282set_B73 75 73.95 1.05 168.61 83.32 767.38 88.99 6.71 301.6 78.22 29.13 134.63 16.57 24.77 91.55 20.74 70.96 4.55 313.69 8.75 5.75 2.25
282set_B73Htrhm 75.61 75.02 1.19 162.3 75.93 699.55 82.85 5.95 293.01 78.25 28.55 122.23 17.87 27.41 97.93 19.8 74.89 4.1 319.28 8.32 5.71 1.69
282set_B75 73.8 72.21 2.27 143.29 65.84 697.75 89.04 2.62 348 46.87 24.37 123.92 14.37 23.97 84.12 14.92 67.04 5.37 248.41 6.15 4.81 1.4
282set_B76 73.65 72.68 1.62 137 55.91 619.17 84.1 6.19 300.46 48.66 26.31 131.82 13.59 20.66 69.56 17.39 52.58 6.22 206.67 7.94 5.42 2.12
282set_B77 76.52 75.96 1.23 154.37 67.44 704.11 91.09 10.35 367.83 56.48 23.37 142.01 13.68 21.02 66.86 13.29 53.16 5.12 226.82 8.48 6.79 1.49
282set_B79 77.33 76.04 1.11 143.73 73.6 760.82 97.63 11.9 327.59 71.71 30.66 137.86 15.47 19.38 82.45 15.2 64.42 4.82 258.2 8.76 5.12 1.58
282set_B84 78.62 77.68 1.49 150.63 75.97 774.65 77.97 11.13 293.61 64.73 28.49 152.6 15.23 22.66 71.56 19.66 58.32 4.82 249.21 9.38 5.07 1.71
282set_B97 77.08 74.5 2.62 156.72 74.95 704.04 101.81 12.58 324.05 57.56 25.1 128.17 13.06 21.88 72.99 16.42 56.06 5.17 228.36 8.02 5.6 1.74
282set_C103 77.34 75.54 2.6 137.42 59.36 726.85 93.52 11.32 375.04 60.83 24.99 178.24 11.93 27.04 86.78 20.62 65.51 5.02 263.79 7.11 4.67 1.06
282set_C123 73.03 71.66 1.84 128.45 55.01 674.68 88.09 14.05 326.86 44.88 25.99 131.91 13.31 24.3 72.54 17.51 54.52 4.72 260.52 6.63 5.1 1.34
282set_C49A 63.75 62.41 1.62 119.46 49.13 507.4 62.72 7.8 309.36 44.34 29.4 116.46 12.36 22.29 47.66 12.4 35.58 3.9 192.86 5.34 4.26 1.44
282set_CH701-30 70.93 69.04 2.63 150.72 74.52 644.6 95.7 7.3 324.87 48.27 21.42 129.99 12.03 25.93 69.17 12.2 55.31 4.01 256.09 7.29 4.78 1.47
282set_CH9 72.3 70.25 2.35 123.45 43.82 626.92 82.29 2.77 315.99 42.13 24.27 108.26 13.11 19.53 69.09 14.14 53.91 5.33 219.99 7.24 5.64 1.65
282set_CI187-2 83.51 81.43 1.97 123.63 71.65 756.54 87.4 15.67 324.12 42.6 23.5 127.16 12.14 21.25 56.48 12.94 45.16 4.29 214.5 9.88 5.38 1.14
282set_CI21E 78.46 78.06 1.44 159.57 72.39 794.09 94.55 7.79 413.5 63.79 27.82 143.46 14.31 24.67 83.27 19.58 63.56 5.43 228.28 8.97 6.5 1.83
282set_CI28AGoodman-Buckler 80.47 78.98 2.16 143.34 77.13 751.44 107.02 10.64 352.83 64.68 24.26 131.47 12.79 21.61 72.74 17.62 54.97 4.39 255.58 8.71 4.85 1.4
282set_CI31A 82.89 81.81 1.37 133.86 78.34 744.97 92.69 14.47 373.3 66.54 24.93 121.93 13.67 20.1 62.01 13.77 53.62 4.5 241.03 9.24 5.35 1.57
282set_CI3A 80.99 78.98 2.34 168.52 82.75 711.99 95.88 15.52 348.83 72.04 29.06 115.71 16.75 21.9 65.65 17.1 49.42 3.9 256.77 8.71 5.47 1.64
282set_CI64 79.87 80.98 -0.26 153.97 82.3 751.44 88.5 7.71 362.47 63.39 28.98 136.12 16.59 23.14 78.81 18.97 64.7 4.58 248.12 10.07 4.83 1.22
282set_CI66 86.05 83.92 2.45 128.78 54.67 683.43 86.02 6.03 263.26 74.96 25.97 125.17 14.22 20.11 58.31 18.15 43.26 4.1 208.23 9.05 5.88 1.54
282set_CM105 64.78 63.81 2.04 125.99 51.54 669.52 62.63 4.42 241.67 35.6 25.4 127.66 13.98 20.75 53.17 14.94 39.3 3.92 198.01 6.23 5.39 1.26
282set_CM174 65.33 64.22 1.55 111.32 48.96 628.77 61.6 4.98 245.54 20.85 25.91 120.44 15.37 22.17 61.65 13.25 47.98 3.78 212.8 6.05 4.81 1.2
282set_CM37 58.67 58.41 1.04 99 34.2 492.53 52.91 13.24 295.43 50.06 22.41 120.84 11.19 19.89 40.67 8.51 32.58 3.44 201.35 4.64 4.86 1.03
282set_CM7 64.53 64.68 0.28 102.91 36.45 525.62 63.29 4.68 332.19 26.58 24.66 104.9 13.37 18.9 46.41 9.83 36.38 4.29 179.39 4.45 4.21 1.14
282set_CML10 102.64 95.54 5.25 190.84 106.28 880.19 76.42 15.83 396.06 77.51 22.73 145.05 12.31 23.8 73.09 15.6 54.93 5.18 239.28 11.86 5.97 1.65
282set_CML103 81.87 82.64 -0.76 157.82 96.93 767.43 101.51 12.05 372.87 64 26.64 142.16 13.45 23.1 77.98 17.91 60.21 5.07 248.66 11.93 4.48 1.27
282set_CML108 86.08 85.68 0.31 153.07 68.41 828.82 96.13 6.95 375.99 68.39 29.07 129.48 15.13 18.9 60.15 18.36 41.6 4.4 217.29 9.29 5.64 1.34
282set_CML11 93.54 89.43 3.53 177.2 105.18 862.2 91.5 16.59 391.1 69.02 22.13 142.15 11.61 21.26 49.51 13.33 34.45 4.58 198.53 12.31 6.26 1.42
282set_CML154Q 82.77 81.83 1.44 145.34 76.94 828.24 75.72 13.29 396.54 61.22 30.07 149.54 14.58 22.52 88.64 31.58 58.85 4.52 262.04 8.85 5.98 1.66
282set_CML157Q 85.81 84.73 1.3 183.88 108.4 917.74 103.39 19.17 339.19 77.52 28.06 131.56 14.59 20.45 78.56 18.19 60.55 4.76 251.82 10.47 5.12 1.89
282set_CML158Q 89.81 86.76 3.29 162.42 93.51 860.17 115.84 19.43 354.36 66.17 27.62 121.54 13.82 20.07 51.72 18.51 37.06 3.83 189.06 12.22 6.75 1.29
282set_CML218 86.42 87.6 0.05 169.66 80.28 926.78 106.57 17.41 348.09 68.04 26.92 127 13.73 22.5 68.67 18.27 50.22 4.18 236.29 8.74 6.15 1.96
282set_CML220 78.67 77.95 1.69 115.8 51.52 728.77 76.92 20.06 300.26 57.3 29.41 123.1 14.25 20.48 68.88 14.89 53.27 5.32 223.09 8.38 5.96 1.69
282set_CML228 94.07 92.48 2.09 156.4 91.17 923.81 93.96 9.82 357.25 68.84 23.26 129.73 12.87 19.96 60.12 12.1 45.39 4.81 203.78 11.02 5.34 1.9
282set_CML247 94.99 93.45 1.47 145.82 80.76 876.38 89.57 11.96 345.16 73.09 25.69 113.43 14.29 19.32 52.48 16.14 36.63 3.98 195.16 10.28 6.22 2.04
282set_CML254 114.91 110.04 4.77 174.71 88.22 927.71 86.14 11.07 329.99 74.21 22.41 126.39 12.27 23.95 67.18 10.73 52.16 4.06 249.78 8.2 5.91 1.5
282set_CML277 93.28 91.09 2.41 171.65 89.17 779.1 88.86 5.7 340 70.95 25.15 110.33 10.68 15.33 46.39 15.49 32.14 4.61 175.22 8.98 6.15 1.64
282set_CML314 89.08 86.84 3.39 185.74 97.75 910.29 92.61 16.46 373.16 69.76 26.17 130.2 14.25 22 82.85 18.14 64.16 5.21 262.92 9.23 7.12 2
282set_CML322 85 82.97 1.8 142.04 75.66 762.79 93.18 6.14 331.23 50.57 25.48 121.4 14.91 23.26 64.56 14.95 49.37 3.38 272.26 10.25 5.77 1.9
282set_CML323 84.02 81.99 2.21 129.83 64.63 887.95 83.48 6.88 383.85 72.69 26.19 134.1 12.65 22.86 68.15 13.41 50.26 4.07 252.64 7.84 5.94 1.66
282set_CML328 87.93 87.04 1.32 158.96 95.09 706.06 83.58 17.51 328.29 61.22 25.07 96.5 14.17 20.13 50.83 10.79 41.25 3.43 204.23 10.88 6.76 1.85
282set_CML332 90.1 86.51 4.37 138.58 76.46 841.74 96.33 13.38 402.94 62.87 26.25 127.89 14.54 20.88 70.7 14.95 55.02 5.03 245.08 9.06 5.64 1.67
282set_CML333 86.96 84.69 2.29 171.96 103.26 791.61 95.95 24.74 298.69 73.5 25.38 116.74 12.29 18.55 47.79 14.02 34.15 4.07 189.89 10.77 6 1.45
282set_CML5 102.23 99.33 2.64 189.58 94.77 936.7 94.66 7.7 361.58 64.7 26.58 131.48 12.75 19.1 68.86 18.66 50.72 6.4 198.69 10.89 8.65 1.98
282set_CML52 98.69 93.87 1.98 181.64 111.05 882.26 88.36 18.39 357.62 67.89 23.1 118.55 11.49 22.35 48.58 12.64 36.61 3.53 207.66 11.45 6.85 1.93
282set_CML69 89.33 88.28 1.3 159.3 83.33 941.61 110.32 10.54 327.75 71.71 26.32 118.33 11.32 16.79 50.71 15.98 35.2 4.64 180.97 9.42 6.08 1.79
282set_CML77 82.13 85.26 0.86 152.8 73.5 774.83 93.51 12.65 325.68 65.67 29.49 131.37 15.15 22.31 77.95 21.61 57.1 4.81 247.6 6.7 5.46 1.72
282set_CML91 87.72 84.78 2.56 161.52 79.18 772.12 92.97 7.76 356.13 77.19 23.39 140.55 11.53 24.17 69.79 18.74 53.43 4.97 230.81 8.62 6.21 2.25
282set_CML92 82.97 82.28 1.41 178.79 87.05 877.16 86.91 14.6 322.5 80.82 28.53 146.84 14.45 24.12 88.87 20.09 70.3 5.52 280.92 8.1 7.07 1.71
282set_CMV3 62.02 60.08 1.27 105.69 42.68 511.75 54.81 6.42 305.6 30.71 24.7 96.08 13.89 18.47 42.44 6.51 35.95 3.36 173.3 5.47 4.78 1.19
282set_CO106 63.25 61.22 2.24 110.56 43.44 500.15 65.61 9.8 244.85 38.92 25.01 107.6 13.9 21.42 58.55 11.46 46.38 3.55 247.37 6.03 4.53 0.94
282set_CO125 63.83 62.71 1.65 115.78 41.74 541.57 63.35 6.23 277.5 65.61 19.21 83.27 13.03 16.33 39.78 8.22 37.66 3.78 185.54 4.28 4.21 1.05
282set_CO255 60.4 60.26 1.05 137.7 54.83 568.24 66.09 4.46 239.04 40.64 27.46 141.34 13.97 22.47 59.8 13.17 47.57 3.72 255.05 5.71 4.53 0.93
282set_Ci7Goodman-Buckler 80.88 80.53 1.3 180.61 92.71 862.97 90.1 8.95 421.36 74.04 25.98 117.44 13.37 20.51 50.37 12.83 39.1 3.92 209.45 9.68 5.43 1.91
282set_D940Y 89.31 85.29 3.18 160.9 83.22 888.74 96.93 10.53 391.04 77.74 23.92 137.95 12.17 23.42 53.78 14.81 39.51 3.73 221.39 9.54 5.97 1.9
282set_DE-2 77.27 75.32 1.93 137.43 61.13 680.97 95.62 11.05 366.54 62.52 30.88 140.05 15.66 22.06 87.7 24.38 64.89 5.48 252.87 6.96 4.82 1.97
282set_DE1 79.13 78.37 1.61 144.07 74.4 726 95.51 13.68 345.69 62.48 27.69 156.72 15.08 24.9 95.31 23.66 71.44 5.14 284.87 8.13 4.6 1.73
282set_DE811 81.47 80.34 1.95 168.85 81.53 733.29 74.78 5.57 311.5 77.9 26.11 125.97 15.41 23.74 74.14 12.47 62.39 5.1 235.24 8.46 5.39 1.68
282set_F2834T 77.94 76.45 2.09 141.68 62.39 798.06 79.02 10.27 436.13 57.35 24.66 123.35 12.17 21.46 67 12.26 50.36 5.42 210.34 8.92 5.41 1.2
282set_F44 88.1 85.22 2.97 176.46 102.03 787.99 75.9 15.86 366.78 66.56 23.54 111.55 12.89 15.36 38.09 10.45 33.39 3.9 169.7 9.26 6.44 1.72
282set_F7 59.78 58.59 1.14 94.21 41.42 544.7 52.62 1.85 297.47 45.49 22.05 109.21 12.29 23.23 50.17 7.68 45.56 3.89 197.79 4.81 3.64 0.81
282set_GA209 91.04 86.63 3.22 154.1 86.69 791.96 77.63 18.21 351.41 69.11 23.26 100.46 11.73 16.37 43.61 9.43 34.11 4.4 173.83 10.04 5.53 1.78
282set_H105W 74.15 71.59 2.62 138.4 68.38 783.61 83.91 7.31 303.85 43.88 28.48 133.22 15.43 24.28 73.16 16.96 52.82 3.66 281.35 8.46 5.31 1.65
282set_H49 75.51 74.51 1.43 142.12 66.77 762.49 93.35 9.5 303.89 38.37 23.33 124.24 14.89 23.25 77.44 10.01 68.21 4.64 293.91 8.62 6.2 1.64
282set_H84 78.14 75.29 2.94 137.88 53.23 622.78 63.4 5.5 261.49 56.69 23.95 118 15.06 21.5 68.36 13.88 53.52 4.39 243.7 7.48 6.6 1.64
282set_H91 75.81 75.05 1.32 153.39 78.83 793.61 85.59 9.03 324.77 49.72 25.1 137.36 14.64 22.51 71.48 16.59 54.77 4.71 242.87 8.89 5.97 1.2
282set_H95 78.06 75.78 2.68 139.87 65.67 728.21 90.71 12.2 322.05 59.27 26.83 121.04 15.82 23.94 63.72 15.41 47.49 3.38 256.18 6.07 5.07 1.22
282set_H99 70.99 70.67 1.04 111.94 41.48 624.87 71.99 4.59 238.89 47.25 25 124.58 12.38 24.15 68.61 14.78 49.72 4.4 226.55 5.32 5.52 1.69
282set_HP301 76.47 74.92 1.65 144.66 78.21 764.45 77.79 15.1 346.29 43.07 20.05 122.89 13.28 23.78 38.75 9.14 29.49 2.18 224.49 8.11 4.62 1.33
282set_Hi27Goodman-Buckler 89.67 89.84 0.55 176.25 99.81 852.71 67.44 13.17 307.18 73.57 22.16 124.47 15.23 22.09 68.33 10.91 56.4 4.1 268.63 11.04 5.11 1.61
282set_I137TN 82.33 81.14 1.48 138.33 69.2 775.53 81.22 13.07 319.04 78.35 25.88 126.35 11.08 24.33 76.3 11.77 62.95 5.6 245.05 9.08 4.69 1.69
282set_I205 76.08 74.19 1.94 122.62 54.45 634.01 69.9 7.38 304.97 57.84 24.79 88.45 13.45 15.92 43.83 9.32 33.82 4.51 161.84 7.23 4.19 1.18
282set_I29 68.16 67.46 1.07 119.86 59.94 672.15 68.67 8 319.35 37.71 24.51 103.94 16.21 19.93 45.17 10.61 39.56 2.37 237.01 7.08 3.62 1.2
282set_IA2132Goodman-Buckler 70.4 69.46 1.46 122.65 47.12 602.71 79.95 12.65 351.81 36.9 24.54 106.52 13.28 20.99 44.59 6.96 38.35 4.42 206.59 5.65 5.37 1.47
282set_IDS28 75.53 74.08 2.21 152.89 89.56 661.33 57.36 15.73 278.22 52.27 20.24 110.44 14.8 22.99 49.78 7.54 40.87 2.65 203.14 10.62 5.37 1.88
282set_IDS69 78.32 77.05 1.6 92.52 48.53 607.28 76.36 13.83 267.95 58.9 18.18 112.09 11.83 21.41 38.9 6.28 31.35 2.27 217.99 6.83 3.95 1.39
282set_IDS91 74.31 72.86 2.03 110.02 56.21 686.22 74.32 13.93 316.44 41.95 20.32 120.47 12.66 21.25 38.7 8.99 31.8 2.53 201.01 7.58 4.25 1.26
282set_ILLHy 78.14 76.09 2.26 131.42 64.56 661.08 68.84 10.24 284.13 49.76 28.41 117.56 15.51 21.22 73.35 16.95 56.75 4.42 256.21 7.92 5.11 1.36
282set_Ia5125 73.32 71.65 1.92 93.1 39.8 621.28 52.09 14.29 194.51 28.83 22.8 96.29 13.41 18.87 37.29 6.41 29.71 3.14 175.44 6.37 5.34 0.93
282set_Il101 70.23 67.66 1.75 119.74 36.57 652.47 45.71 9.15 365.84 63.77 21.68 107.75 12.15 17.11 37.32 8.34 28.94 4.47 173.49 5.81 5.36 1.21
282set_Il14H 70.89 69.56 1.65 150.47 58.84 745.22 73 11.72 363.44 46.54 25.02 107.78 13.07 18.74 46.34 10.04 35.92 4.51 184.48 6.35 5.59 0.97
282set_K148 80.26 77.17 3.34 147.35 55.76 743.06 71.54 13.4 315.05 74.49 23.32 121.02 12.62 21.3 58.38 16.66 35.88 4.16 227.43 8.3 6.23 1.42
282set_K4 83.94 81.73 1.55 154.3 82.24 734.23 100.82 14.88 339.43 68.07 22.94 139.62 13.88 29.12 75.74 15.01 64.01 3.86 290.85 9.44 5.39 1.23
282set_K55 77.48 76.25 1.82 128.78 60.56 673.71 79.34 14.66 281.74 61.86 28.29 116.8 14.22 19.94 68.05 17.04 51.05 5.07 222.92 7.87 5.97 1.21
282set_K64 82.21 81.2 1.28 156.59 80.51 795.46 80.56 11.12 327.94 64.1 27.77 132.56 13.3 24.38 72.88 19.31 56.38 5.28 214.49 9.81 5.42 1.26
282set_KI3 86.92 85.19 1.64 135.05 70.65 737.88 102.85 11.16 284.76 71.87 26.22 107.58 13.08 17.48 55.57 13.34 42.51 4.53 180.41 10.35 5.3 1.47
282set_KY226 81.33 80.07 1.49 151.88 76.64 811.14 77.63 12.17 331.27 54.02 25.21 114.87 13.26 19.66 58.82 15.57 42.22 4.63 196.6 9.52 4.8 1.68
282set_KY228 83.45 79.89 3.5 156.02 75.25 786.32 90.58 16.79 310.12 69.07 23.22 129.62 12.25 23.33 62.8 13.5 48.54 4.15 235.24 9.09 6.51 2.76
282set_Ki11 91.04 88.38 2.71 143.86 78.73 879.62 103.98 9.94 387.5 68.94 30.54 132.74 12.93 20.2 71.21 23.56 47.21 4.6 204.01 10.35 5.38 1.86
282set_Ki14 106.07 94.84 6.51 173.4 93.52 822.7 102.6 14.96 367.51 56.48 24.41 126.99 12.27 21.47 65.55 13.4 49.78 4.39 227.81 11.55 5.09 2.62
282set_Ki2021 96.02 94.75 3.39 183.23 104.48 839.47 107.5 20.29 346.34 59.16 27.61 137.85 16.18 23.51 72.11 16.42 54.23 3.94 257.7 7.48 5.24 1.44
282set_Ki21 83.85 83.91 1 155.64 91.88 814.18 91.32 11.02 366.15 63.73 23.55 113.32 12.11 20.39 54.24 9.79 44.24 4.02 231.09 8.71 4.54 1.7
282set_Ki43 86.4 85.83 1.16 125.03 67.24 921.37 98.24 7.76 356.17 57.69 23.9 132.79 12.68 17.95 47.34 12.68 35.48 4.84 171.01 8.19 5.13 1.67
282set_Ky21 83.87 80.92 2.88 151.69 87.12 731.9 96.23 15.96 320.46 78.79 25.74 127.79 12.51 22.27 72.07 19.9 53.05 4.96 208.53 9.74 5.27 1.73
282set_M14 71.96 70.94 1.69 129.96 53.05 639.73 92.98 10.1 337.96 36.34 28.23 148.18 15.4 23.78 71.46 17.39 53.91 4.03 256.28 7.52 5.07 1.43
282set_M162W 85.18 85.56 -0.59 146.42 79.42 752.63 103.09 8.65 323.61 58.56 26.03 111.7 14.03 19.74 67.89 13.32 55.52 5.31 222.06 10.34 5.63 1.33
282set_M37W 82.32 79.5 2.46 151 68.94 827.33 94.15 10.91 393.55 47.37 25.77 122.8 12.51 19.97 52.86 13.96 38.52 4.42 204.87 7.83 6.25 1.82
282set_MO1W 77.16 75.64 2.14 141.7 61.69 680.41 96.78 7.45 330.3 38.8 25.65 116.37 13.05 23.17 70.65 12.73 56.02 4.16 257.27 7.94 6.73 1.13
282set_MS1334 64 65.13 0.18 135.6 54.7 616.81 60.94 6.62 335.08 54.18 24.66 124.14 13.01 19.69 55.75 15.95 41.08 4.06 185.64 5.38 4.82 1.34
282set_MS153 71.41 70.61 1.08 139.77 67.89 615.07 80.39 9.5 322.65 49.59 26.82 123.74 13.62 21.39 66.51 17.67 49.37 5.45 219.04 7.31 4.57 1.45
282set_Mo17 75.49 72.75 3 149.87 66.44 613.67 88.78 4.9 357.62 58 21.16 156.82 10.74 26.71 71.99 12.99 58.81 5 239.94 7.18 4.92 1.47
282set_Mo18W 90.49 86.96 3.94 152.11 79.46 900.32 90.39 23.41 428.95 67.44 25.29 112.24 14.32 18.77 47.31 12.02 35.79 3.68 194.47 9.63 5.89 1.48
282set_Mo24W 82.07 78.26 3.82 178.52 101.82 893.24 88.58 14.48 415.34 78.95 31.98 151.78 16.31 30.18 100.33 30.98 73.57 4.06 327.26 8.48 5.35 1.66
282set_Mo45 76.6 75.53 1.76 168.61 87.97 811.68 95.25 8.48 310.35 74.64 26.09 148.29 13.25 24.49 77.7 18.51 59.73 3.66 306.69 8.02 5.68 1.26
282set_Mo46 79.99 76.15 3.37 145.95 59.86 764.74 70.4 10.67 343.74 56.11 23.76 100.02 12.69 18.47 60.84 12.84 47.84 4.9 214.11 6.79 5.63 1.95
282set_Mo47 70.84 70.76 0.96 115.84 43.81 787.08 76.59 13.05 313.53 40.68 24.94 109.01 14.35 21.52 59.67 11.42 46.88 4.21 226.22 6.02 5.68 1.64
282set_MoG 79.5 78.2 2.13 179.67 92.79 764.54 118.56 11.34 366.32 72.39 28.47 122.26 16.86 20.01 71.18 20.45 51.67 4.97 219.7 9.62 5.48 1.97
282set_Mp339 85.02 83.26 2.14 144.45 79.62 677.7 103.94 5.87 321.1 71.04 25.44 137.16 12.79 23.31 64.81 13.17 51.39 4.47 219.99 8.8 5.14 1.58
282set_Ms71 72.17 71.63 0.93 127.97 55.13 741.93 72.76 10.45 263.51 66.76 24.93 131.43 12.91 20.79 59.68 17.94 43.11 4.45 223.67 7.12 5.15 1.42
282set_Mt42 63.17 61.73 1.62 114.31 48.67 537.1 72.06 8.55 218.21 40.86 21.17 109.36 14.23 19.88 44.59 9.71 29.45 3.2 184.95 5.36 4.27 1.2
282set_N192 69.26 68.06 1.64 134.57 60.06 730.65 85.83 5.76 281.85 70.36 26.3 130.69 14.5 22.62 59.6 13.74 46.12 3.89 238.16 7.86 5.34 1.66
282set_N28Ht 75.77 75.26 1.07 149.08 68.34 681.11 81.53 9.59 276.13 65.65 25.92 131.33 16.72 23.05 76.47 17.09 59.82 4.14 293.82 8.88 6.29 2.33
282set_N6 74.6 72.61 2.25 138.74 65.5 718.96 65.86 12.15 300.6 54.9 25.28 132.65 14.46 23.96 76.05 15.77 59.78 4.22 254.01 8.75 5.7 1.44
282set_N7A 74.55 74.05 0.82 134.5 61.14 661.45 66.87 9.25 259.68 57.55 22.07 118.5 14.25 21.37 67.41 13.21 54.05 4.28 227.54 7.99 5.52 1.65
282set_NC222 84.23 83.74 1.36 160.35 82.43 809.87 107.33 14.65 338.61 78.24 25.75 107.07 14.05 18.4 63.26 14.18 48.72 5.05 205.96 8.83 6.82 1.38
282set_NC230 79.35 79.05 0.99 124.5 62.94 640.62 109.05 11.52 332.38 75.48 27.92 123.38 15.47 25.28 80.08 17.78 57.47 4.38 289.19 9.38 5.41 1.44
282set_NC232 80.73 79.19 1.76 131.01 58.57 711.59 93.52 14.22 357.49 54.61 30.59 133 17.54 22.32 78.88 21.07 60.68 4.14 282.18 7.74 5.69 1.47
282set_NC236 82.87 83.7 0.22 135.22 69.76 718.86 102.23 20.81 338.93 58.73 23.37 113.29 13.17 22.86 60.17 12.86 46.47 3.87 220.24 11.02 5.13 1.43
282set_NC238 89.85 87.42 2.3 132.47 48.24 759.76 101.08 16.63 286.51 72.69 27.47 124.03 12.84 22 74.5 19.78 55.45 4.12 246.37 11.4 6.88 1.12
282set_NC250 76.06 74.76 1.86 124.41 54.66 620.77 73.7 4.32 261.28 59.07 25.19 127.9 13.45 21.83 72.55 18.5 54.02 4.95 240.43 8.37 6.27 1.47
282set_NC258 80.63 80.95 0.37 156.16 71.62 879.66 85.76 7.47 279.36 73.41 26.84 129.1 14.17 23.69 77.9 19.13 52.39 4.1 250.85 8.37 5.43 1.53
282set_NC260 78.36 75.93 2.54 159.24 60.3 639.08 83.42 8.09 360.99 69.45 22.23 140.23 13.09 20.94 67.78 16.1 51.07 4.01 242.49 6.71 5.66 1.42
282set_NC262 73.76 70.79 3.12 112.28 43.27 680.67 79.81 6.07 296.85 56.08 26.32 124.92 15.11 23.73 73.71 12.52 60.9 4.04 289.02 6.78 5.9 1.24
282set_NC264 78.77 77.4 2.04 145.14 72.35 732.61 90.97 14.35 313.19 57.29 24.07 118.34 13.03 20.82 72.41 13.05 54.33 5.15 242.26 8.45 4.53 1.49
282set_NC290A 80.35 77.94 2.47 127.81 51.93 702.44 81.61 5.59 339.21 68.77 29.31 134.14 15.94 25.34 91.04 15.2 73.4 4.59 311.88 8.39 6.23 1.44
282set_NC294 77.94 75.94 2.62 167.57 78.9 625.27 75.15 5.8 258.87 65.03 25.4 110.56 15.69 20.93 63.93 13.27 48.17 4.23 227.24 10.93 6.55 1.65
282set_NC296 82.18 81.57 1.15 160.15 83.44 901.8 93.12 10.39 387.14 69.98 23.94 128.07 12.73 20.23 51.45 10.41 40.93 4.27 203.61 8.9 5.68 1.45
282set_NC298 82.61 82.75 0.3 154.6 77.72 667.98 89.41 11.83 327.18 73.94 21.94 111.15 12.01 19.23 54.79 10.85 43.77 4.33 211.37 9.3 5.66 1.61
282set_NC300 85.57 84.39 0.95 160.88 72.37 754.84 74.21 7.39 324.19 66.21 28.98 117.64 12.58 18.66 59.67 15.77 43.9 6.08 173.48 10.94 6.56 1.91
282set_NC302 78.83 78.76 1.05 131.48 58.96 796.17 74.55 11.49 357.99 71.39 24.17 130.65 11.18 18.47 54.42 12.68 41.22 5.78 174.63 9.46 6.79 1.45
282set_NC304 81.96 80.79 1.49 96.93 35.44 715.19 50.94 12.49 294.44 79.92 22.97 90.22 11.43 16.67 37.66 7.66 30.94 4.22 171.24 4.91 5.24 1.35
282set_NC306 77.66 77.61 0.89 150.4 67.26 690.82 85 11.57 287.94 73.72 22.97 119.04 12.73 18.99 55.95 11.61 44.48 5.13 190.54 9.85 6.57 1.91
282set_NC310 76.34 75.52 1.6 163.86 82.99 713.15 85.37 8.6 273.79 76.79 26.2 133.53 18.61 23.96 81.24 19.57 68.72 3.57 334.72 9.17 5.71 1.72
282set_NC314 76.93 75.47 2 145.54 60.51 664.74 60.07 7.77 323.89 59.7 24.25 121.73 14.16 22.14 60.16 13.07 47.72 4.15 220.96 8.49 6.82 2.33
282set_NC318 81.22 80.78 0.97 156.28 80.95 846.85 83.97 23.99 323.74 70.97 21.68 118.83 13.63 22.03 60.79 10.45 48.2 4.16 235.78 9.46 5.13 1.71
282set_NC320 81.42 80.89 1 157.21 86.6 883.86 90.69 19.43 298.78 66.03 24.56 121.95 13.89 23.86 78.16 13.14 63.12 4.42 295.34 9.86 5.43 1.87
282set_NC324 79.31 76.91 2.44 144.35 60.28 673.79 59.98 7.61 318.12 64.22 25.3 115.58 13.73 17.29 48.55 13.54 35.55 3.68 198.45 8.15 7.05 1.58
282set_NC326 78.18 76.89 2.16 165 82.86 766.05 90.31 6.71 302.01 77.64 27.25 116.67 16.34 24.19 73.23 16.13 57.02 3.52 300.24 8.94 5.73 2.13
282set_NC328 76.89 76.37 0.98 155.95 77.67 716.26 81.99 6.08 273.05 78.76 26.2 126 16.47 24.14 70.06 15.45 53.13 4.22 246.88 9.84 5.63 2.37
282set_NC33 86.89 83.22 3.75 189.45 103.13 870.07 86.99 15.05 343.19 78.1 24.17 132.03 12.62 19.54 61.63 18.77 44.37 4.61 207.7 9.52 6.28 1.52
282set_NC338 82.96 83.74 -0.22 148.28 88.93 636.06 78.83 13.09 277.71 71.23 22.85 105.59 13.58 17.71 41.1 9.94 30.75 4.48 146.5 8.52 4.5 2.19
282set_NC340 83.83 81.89 2.16 155.95 79.59 793.67 77.11 9.75 308.44 67.07 27.59 141.71 13.52 20.97 77.25 15.05 60.38 5.83 222.14 10.05 7.38 1.33
282set_NC342 76.24 76.41 0.92 152.21 74.36 759.26 91.62 8.23 303.58 56.12 25.8 142.57 13.18 23.13 66.07 15.15 51.27 4.5 255.39 8.37 5.62 1.63
282set_NC346 83.04 82.34 1.3 150.14 73.21 878.65 87.64 10.59 364.45 68.36 24.7 136.71 12.47 21.8 54.42 11.86 41.9 4.84 203.91 8.56 5.11 1.9
282set_NC348 80.69 80.74 0.88 150.12 74.48 715.4 85.83 10.73 317.76 70.91 20.98 118.77 11.24 19.32 58.04 10.92 45.89 4.97 205.93 8.97 5.99 1.34
282set_NC350 82.35 82.09 0.39 128.11 58.06 845.83 74.11 10.87 362.7 70.67 23.27 106.99 13.68 18.7 47.31 9.78 37.23 3.74 198.01 7.72 6.64 2.06
282set_NC354 82.65 83.47 -0.07 145.24 71.44 785.01 77.22 13.71 344.07 73.21 26.19 118.96 13.68 20.16 56.11 12.38 43.03 4.18 200.62 8.47 5.12 2.21
282set_NC356 80.5 80.55 1.15 147.23 71.54 796.45 78.94 11.52 345.83 61.45 22.56 112.87 12.34 22.03 65.66 10.77 54.35 4.98 228.89 8.74 6.02 1.45
282set_NC358 78.1 77.58 0.69 147.01 64.01 615.76 90.26 14.2 241.36 80.92 23.77 127.51 11.97 22.22 63.06 15 48.24 4.57 220.21 7.99 6.15 1.39
282set_NC360 80.94 82.58 -0.43 125.27 67.96 765.81 84.56 6.7 374.05 73.19 24.75 145.82 13.1 24.91 75.4 17.68 58.54 4.92 249.4 9.44 6.25 1.94
282set_NC362 79.71 77.77 2.31 147.14 61.68 755.4 73.7 5.71 382.88 63.55 23.45 133.85 13.62 25.49 71.12 12.4 57.09 3.99 274.11 6.54 6.29 1.64
282set_NC364 76.06 75.92 1.12 152.3 64.98 734.07 80.35 5.83 377.89 63.67 24.43 149.57 14.21 28.57 80.01 18 62.38 4.33 301.46 8.44 6.56 1.7
282set_NC366 85.04 84.31 0.8 164.21 72.89 838.6 98.28 13.22 360.34 63.07 24.61 122.14 11.74 18.35 63.32 14.87 48.75 5.99 193.89 8.23 5.99 1.62
282set_NC368 78.9 77.9 1.62 163.89 72.43 731.08 95.42 8.12 238.98 79.22 28.31 108.02 14.62 18.92 62.84 14.51 49.37 5.51 220.3 9.77 6.81 2.03
282set_ND246 63.29 61.96 1.9 117.96 52.3 579.67 63.57 9.91 267.77 53.41 22.88 129 12.17 23.02 47.27 14.16 36.09 3.16 209.36 6.68 4.23 1.14
282set_OH7B 85.14 83.02 1.9 159.57 84.97 753.95 91.89 7.49 350.28 75.37 22.29 142.29 13.83 24.01 73.01 14.7 58.37 4.75 259.19 7.81 5.22 1.33
282set_Oh40B 77.27 74.05 3.13 150.74 65.85 739.93 87.64 7.8 351.04 64.13 24.98 163.9 12.69 23.42 69.33 19.82 52.31 5.85 239.99 6.05 4.53 1.55
282set_Oh43 71.46 70.72 1.24 136.8 56.22 692.59 90.54 6.16 321.42 49.8 26.27 143.3 14.13 26.59 73.48 15.35 58.84 3.84 295.22 6.84 5.36 1.64
282set_Oh43E 72.77 71.76 1.16 121.59 43.27 651.44 86.21 4.5 309.91 61.55 24.43 126.04 13.91 22.92 71.24 13.98 56.36 4.39 255.14 5.61 5.69 1.69
282set_Oh603 83.79 78.15 4.81 113.46 49.08 566.27 69.28 8.57 340.41 64.35 21.61 94.23 11.05 16.64 38.1 6.97 38.73 4.44 180.8 6.9 5.07 1.42
282set_Os420 75.93 72.4 3.29 156.89 66.3 713.07 77.61 8.15 358.64 39.88 26.47 132.01 13.36 20.62 62.94 17.37 45.07 4.83 206.87 7.03 4.85 1.22
282set_P39Goodman-Buckler 66.82 65.15 2.02 113.7 38.69 579.58 57.9 10.3 265.45 29.7 23.71 114.94 13.59 21.63 44.8 9.43 34.91 3.2 206.5 6.05 4.95 1.22
282set_Pa762 75.56 75.75 0.94 133.93 56.82 618.97 92.62 4.98 283.46 65.85 25.95 121.79 13.88 24.38 80.01 14.14 63.87 4.74 279.99 6.87 5.35 1.65
282set_Pa875 76.9 75.99 1.42 146.28 69.19 700.18 77.14 17.64 265.93 39.67 26.12 132.81 13.25 24.78 70.86 15.78 54.52 4.01 272.13 8.11 5.97 1.21
282set_Pa880 78.06 75.82 2.08 159.98 72.61 756.12 82.77 13.9 329.46 67.39 26.43 126.14 14.12 21.42 66.77 20.02 47.56 4.31 225.27 7.98 6.52 2.4
282set_Pa91 78.99 76.22 2.98 159.9 72.45 885.36 90.85 10.33 392.02 63.2 25 139.59 15.23 27.93 76.95 16.26 61.75 5.04 251.74 6.62 4.8 1.39
282set_R109B 76.07 74.78 1.57 146.98 68.39 692.11 64.01 8.48 324.48 49.01 22.53 108.36 12.65 19.88 61.57 10.81 47.15 5.92 206.06 7.52 6.2 1.64
282set_R168 70.2 71.81 -0.48 148.31 72.52 694.84 64.73 10.64 316.47 57.39 21.88 114.52 14.56 21.28 48.28 11.67 35.79 3.12 222.89 7.57 4.82 1.18
282set_R177 77.88 73.76 2.79 155.17 55.68 670.54 78.68 7.15 307.88 42.69 23.8 110.51 12.9 20.71 63.87 12.57 51.2 5.29 226.9 6.58 6.23 1.39
282set_R229 78.59 76.49 2.31 164.47 80.69 804.28 84.56 7 304.14 75.09 26.77 121.74 14.17 21.56 68.13 15.99 52.91 4.81 259.33 9.19 5.17 2.21
282set_R4 77.77 75.43 2.74 154.52 66.42 704.54 87.5 8.07 341.21 65.54 25.84 157.59 14.64 23.62 60.77 13.81 49.62 4.17 268.63 7.49 6.25 1.37
282set_SA24 79.61 78.27 2.21 142.04 71.19 795.25 81.9 13.98 395.53 59.22 20.33 158.65 13.27 27.42 60.84 13.13 46.77 3.02 276.33 9.4 5.35 1.65
282set_SC357 83.56 83.5 0.57 147.4 66.37 798.48 76.84 18.67 267.97 68.27 20.59 115.04 13.52 21.42 61.97 14.35 43.78 3.87 230.73 7.41 6.21 2.16
282set_SC55 88.5 86.52 1.28 168.64 96.24 774.34 96.15 24.3 234.85 72.32 26.56 109.58 14.84 20.25 63.1 13.08 49.62 4.54 247.28 10.79 5.93 1.5
282set_SD40 76.34 74.41 1.8 164.09 80.37 830.18 98.81 10.95 408.51 64.97 25.78 174.22 13.93 28.5 85.53 26.3 63.11 5.5 263.69 8.13 5.66 1.63
282set_Sg1533 77.67 76.36 2.02 148 84.4 767.2 86.48 17.92 327.19 63.48 22.45 126.67 13.89 23.66 62.46 11.64 49.18 3.46 264.89 7.83 5.03 1.21
282set_Sg18 79.45 76.92 3.03 161.84 94.32 797.15 77.56 22.55 328.44 41.24 22.06 131.06 16.06 26.31 55.06 9.84 43.72 2.34 288.24 9.19 5.69 1.28
282set_T232 81.45 80.23 1.74 177.25 87.09 743.94 87.11 14.84 310.15 78.59 22.89 118.56 12.21 16.04 60.89 12.13 46.95 5.94 195.25 7.57 5.17 1.46
282set_T234 83.26 81.01 1.92 142.31 61.62 691.1 114.14 13.93 303.42 65.6 24.38 133.11 14.42 22.04 68.5 15.23 51.84 4.99 243.85 8.38 5.43 1.28
282set_T8 77.45 77.34 0.81 168.63 92.79 754.85 89.95 13.79 325.82 69.33 22.06 154.72 12.32 26.53 78.37 15.97 62.07 5.42 247.85 9.39 5.91 1.5
282set_Tx303 85.67 82.64 2.85 182.49 102.52 780.52 96.76 21.08 372.78 69.99 26.66 117.34 13.04 20.7 61.77 12.76 48.14 5.31 213.08 8.19 5.24 1.43
282set_Tx601 91.83 89.09 3.33 187.56 106.19 929.39 82.62 15.57 356.57 59.72 27.48 128.18 13.94 19.39 61.19 18.39 44.07 4.12 227.26 11.64 8.59 2.35
282set_Tzi10 95.85 92.23 3.99 160.19 96.24 962.23 86.58 19.89 365.9 61.44 21.86 133.95 13.14 22.45 44.57 11.27 34.73 3.2 220.11 11 5.99 1.28
282set_Tzi11 86.65 82.03 3.89 177.21 90.88 719.01 85.62 14.9 311.65 76.8 24.51 109.02 13.17 19.02 44.9 10.22 36.1 3.44 186.69 8.63 6.23 2.28
282set_Tzi16 82.59 82.84 -0.03 183.95 93.54 845.03 89.15 25.01 326.61 76.58 27.36 120.82 16.71 21.16 67.29 14.73 50.52 4.25 244.4 9.18 5.6 1.75
282set_Tzi18 85.8 85.02 0.97 159.18 89.59 869.28 95.41 17.02 366.3 73.86 26.98 129.45 13.07 20.06 58.34 19.78 42.42 4.44 199.39 10.76 5.87 2.18
282set_Tzi8 91.84 88.72 2.78 172.46 102.7 794.28 103.76 13.44 345.43 71.62 26.62 118.69 13.86 20.14 45.88 12.58 33.86 3.92 186.41 10.67 6.39 2.42
282set_Tzi9 83.6 84.52 -0.03 189.71 92.39 891.63 86.26 18.89 326.37 64.99 26.6 135.96 15.22 25.82 88.81 17.21 70.35 4.65 304.03 8.62 5.96 1.37
282set_U267Y 88.06 85.58 2.65 140.98 58.96 650.03 92.58 5.39 298.27 56.28 25.42 123.11 12.95 19.01 59.06 18.85 40.65 4.78 196.11 7.34 5.48 1.72
282set_VA102 71.47 71.74 0.82 155.59 72.39 701.09 86.26 6.88 310.46 74.08 25.58 140 15.25 23.41 77.21 17 60.63 4.07 257.88 7.62 5.08 1.73
282set_Va17 77.01 76.14 1.37 140.13 60.42 742.94 96.43 4.97 359.05 63.59 23.15 130.45 14.18 19.94 66.52 15.72 49.49 4.7 239.85 6.78 5.98 1.23
282set_Va22 77.73 76.48 1.72 150.93 70.29 726.81 104.33 14.48 339.77 69.55 25.05 145.73 12.99 28.6 85.27 20.16 65.16 4.31 309.06 8.36 6.27 1.47
282set_Va26 72.96 73.32 0.45 152.78 60.05 676.41 87.57 15.21 282.45 73.06 25.46 130.01 12.93 21.95 79.21 16.04 62.55 4.81 262.28 6.63 5.67 1.62
282set_Va35 74.95 74.68 0.83 132.3 60.89 624.55 86.99 7.39 370.82 72.45 23.75 150.08 12.06 27.77 81 16.15 66.41 5.14 274.19 8.07 5.41 1.19
282set_Va59 72.88 72.25 1.51 132.64 61.62 648.73 85.48 9.78 343.7 71 23.27 127.43 11.82 25.59 69.69 12.17 56.67 4.39 234.24 7.39 5.35 1.28
282set_Va85 76.43 74.45 2.13 148.59 67.58 714.01 92.69 4.02 345.18 56.09 23.36 148.83 12.14 22.49 66.72 16.91 50.62 5.88 199.13 9.73 5.12 1.7
282set_Va99 75.84 73.89 2.12 145.29 55.71 715.8 95.84 9.53 344.87 67.71 24.29 145.73 14.55 22.1 85.52 17.54 67.84 6.09 244.5 6.83 5.67 1.16
282set_VaW6 77.11 75.54 1.79 96.62 46.52 766.39 90.86 6.19 301.48 34.71 24.27 152.47 14.57 21.8 61.84 14.41 46.58 3.89 242.91 6.69 5.33 1.44
282set_W117Ht 65.27 65.59 0.73 100.91 44.65 578.69 59.31 7.74 307.9 41.52 21.65 97.66 13.07 18.75 41.54 5.93 33.94 4.49 168.48 6.2 4.25 1.84
282set_W153R 71.82 71.19 1.29 96.41 45.24 500.9 75.51 8.85 211.78 59.93 21.97 107.83 11.95 20.75 50.81 8.74 41.59 4.28 207.71 6.12 5.38 0.98
282set_W182B 62.46 64.3 -0.05 118.67 46.16 558.62 74.28 8.13 279.35 48.63 21.17 137.5 12.17 23.7 51.15 11.27 41.25 3.89 188.92 5.41 5.35 1.01
282set_W22 75.37 74.65 1.56 135.79 60.75 619.48 91 10.67 317.95 46.3 21.81 128.18 12.81 22.33 51.99 10.75 40.92 3.86 202.11 8.36 4.26 1.98
282set_W64A 73.94 71.91 2.77 131.48 60.53 654.04 91.18 8.91 310.59 44.83 23.26 139.81 13.16 20.52 56.5 14.88 44.26 4.1 212.53 6.99 4.55 1.65
282set_Wf9 72.2 72 0.9 156.47 69.05 721.76 104.64 11.96 319.46 39.43 25.96 130.22 14.71 25.77 82.21 19.78 59.34 3.98 289.43 7.6 6.8 1.22
282set_Yu796 73.94 74.51 0.4 143.19 68 716.54 82.33 9.95 388.17 47.04 25.16 99.13 12.92 20.16 67.07 12.04 54.39 5.33 218.82 8.05 5.34 2.32
282set_i1677a 80.29 76.04 3.88 126.64 53.98 601.45 77.25 15.09 285.51 36.04 25.96 126.53 13.89 21.41 61.49 14.44 47.16 4.18 226.84 7.42 5.91 1.33
